1 0 -39.6 21.48 1.36 0:0:0
2 22 63.37 121.48 1.87 13:45:39
3 29 25.65 21.48 1.36 13:45:39
4 23 63.33 121.48 1.96 13:45:40
5 30 25.65 21.41 0.85 13:45:40
6 24 63.34 121.48 1.62 13:45:41
7 31 25.66 21.41 1.02 13:45:41
8 25 63.33 121.48 1.53 13:45:42
9 32 25.66 21.34 1.19 13:45:42
10 33 25.65 21.34 1.02 13:45:43
11 33 25.65 21.34 1.02 13:45:43
12 34 25.66 21.38 0.6 13:45:44
13 34 25.66 21.38 0.6 13:45:44
14 0 -39.6 -2.05 0.0 0:0:0
15 28 63.31 121.48 2.04 13:45:45
16 35 25.65 21.34 0.85 13:45:45
17 29 63.31 121.48 2.38 13:45:45
18 36 25.65 21.34 0.77 13:45:45
19 30 63.31 121.48 2.04 13:45:45
20 37 25.65 21.34 0.85 13:45:45
21 31 63.33 121.48 1.79 13:45:45
22 38 25.66 21.34 0.6 13:45:45
23 32 63.33 121.48 1.96 13:45:45
24 39 25.66 21.41 1.11 13:45:45
25 33 63.33 121.48 1.02 13:45:45
26 40 25.66 21.41 1.19 13:45:45
27 34 63.39 121.48 1.53 13:45:45
28 41 25.68 21.41 1.19 13:45:45
29 35 63.39 121.48 1.62 13:45:46
30 42 25.68 21.41 1.11 13:45:46
31 36 63.42 121.48 1.87 13:45:46
32 43 25.68 21.41 0.77 13:45:46
33 37 63.42 121.48 2.38 13:45:46
34 44 25.68 21.41 0.85 13:45:46
35 38 63.42 121.48 1.87 13:45:46
36 45 25.7 21.38 0.85 13:45:46
37 39 63.44 121.48 2.13 13:45:46
38 46 25.7 21.38 0.85 13:45:46
39 40 63.44 121.48 1.7 13:45:46
40 47 25.7 21.38 0.94 13:45:46
41 41 63.44 121.48 1.79 13:45:46
42 48 25.71 21.41 1.11 13:45:46
43 42 63.45 121.48 1.62 13:45:46
44 49 25.71 21.41 1.28 13:45:46
45 43 63.45 121.48 1.7 13:45:46
46 50 25.71 21.41 1.19 13:45:46
47 44 63.45 121.48 1.96 13:45:46
48 51 25.72 21.41 0.94 13:45:46
49 45 63.47 121.48 2.64 13:45:47
50 52 25.72 21.34 0.85 13:45:47
51 46 63.47 121.48 2.81 13:45:47
52 53 25.72 21.34 0.6 13:45:47
53 47 63.47 121.48 1.96 13:45:47
54 54 25.72 21.34 0.85 13:45:47
55 48 63.47 121.48 1.79 13:45:47
56 55 25.72 21.41 1.45 13:45:47
57 49 63.47 121.48 1.02 13:45:47
58 56 25.72 21.41 1.11 13:45:47
59 50 64.13 21.41 1.36 13:45:47
60 57 25.73 21.41 1.36 13:45:47
61 51 63.47 121.48 1.53 13:45:47
62 58 25.73 21.34 1.11 13:45:47
63 52 63.47 121.48 1.36 13:45:47
64 59 25.73 21.34 1.02 13:45:47
65 53 63.49 121.48 1.02 13:45:47
66 60 25.73 21.34 1.02 13:45:47
67 54 63.49 121.48 2.72 13:45:47
68 61 25.72 21.34 0.77 13:45:47
69 55 64.12 21.34 0.85 13:45:48
70 62 25.72 21.34 0.85 13:45:48
71 56 63.51 121.48 1.87 13:45:48
72 63 25.72 21.34 0.51 13:45:48
73 57 63.51 118.84 0.68 13:45:48
74 64 25.73 21.34 0.68 13:45:48
75 58 63.51 121.48 0.94 13:45:48
76 65 25.73 21.34 1.28 13:45:48
77 59 63.51 121.48 1.7 13:45:48
78 66 25.73 21.34 1.19 13:45:48
79 60 63.51 121.48 1.87 13:45:48
80 67 25.74 21.34 1.19 13:45:48
81 61 63.52 121.48 1.7 13:45:48
82 68 25.74 21.27 0.94 13:45:48
83 62 63.52 121.48 0.68 13:45:48
84 69 25.74 21.27 0.68 13:45:48
85 63 63.52 121.48 1.79 13:45:48
86 70 25.75 21.27 0.68 13:45:48
87 64 63.53 121.48 1.87 13:45:48
88 71 25.75 21.27 0.68 13:45:48
89 65 63.53 121.48 1.7 13:45:49
90 72 25.75 21.27 1.02 13:45:49
91 66 63.53 121.48 0.94 13:45:49
92 73 25.76 21.27 1.28 13:45:49
93 74 25.76 21.27 1.28 13:45:49
94 74 25.76 21.27 1.28 13:45:49
95 68 63.53 121.48 1.79 13:45:49
96 75 25.76 21.27 1.02 13:45:49
97 69 63.53 121.48 1.87 13:45:49
98 76 25.76 21.27 0.77 13:45:49
99 70 63.53 121.48 1.87 13:45:49
100 77 25.76 21.2 0.68 13:45:49
101 78 25.76 21.2 0.68 13:45:49
102 78 25.76 21.2 0.68 13:45:49
103 72 63.55 121.48 0.77 13:45:49
104 79 25.76 21.2 0.77 13:45:49
105 73 63.55 121.48 1.87 13:45:49
106 80 25.75 21.2 1.02 13:45:49
107 74 63.55 121.48 1.19 13:45:49
108 81 25.75 21.2 1.19 13:45:49
109 75 63.55 121.48 1.11 13:45:50
110 82 25.75 21.2 1.45 13:45:50
111 76 63.55 121.48 1.7 13:45:50
112 83 25.76 21.2 0.85 13:45:50
113 84 25.76 21.2 1.36 13:45:50
114 84 25.76 21.2 1.36 13:45:50
115 78 63.55 118.75 0.85 13:45:50
116 85 25.76 21.2 0.85 13:45:50
117 79 63.55 121.48 2.55 13:45:50
118 86 25.76 21.2 0.68 13:45:50
119 80 63.55 121.48 1.87 13:45:50
120 87 25.76 21.17 0.68 13:45:50
121 81 63.54 121.48 2.04 13:45:50
122 88 25.76 21.17 1.02 13:45:50
123 82 64.16 21.17 0.68 13:45:50
124 89 25.76 21.17 0.68 13:45:50
125 83 63.55 121.48 1.19 13:45:50
126 90 25.76 21.13 1.19 13:45:50
127 84 63.55 121.48 1.79 13:45:50
128 91 25.76 21.13 1.19 13:45:50
129 85 63.55 121.48 1.7 13:45:51
130 92 25.76 21.13 1.11 13:45:51
131 86 63.57 121.48 1.96 13:45:51
132 93 25.75 21.13 0.85 13:45:51
133 87 63.57 121.48 2.04 13:45:51
134 94 25.75 21.13 0.68 13:45:51
135 88 63.57 121.48 2.04 13:45:51
136 95 25.75 21.13 0.94 13:45:51
137 89 63.56 121.48 1.79 13:45:51
138 96 25.77 21.1 0.77 13:45:51
139 90 64.17 21.1 1.02 13:45:51
140 97 25.77 21.1 1.02 13:45:51
141 91 63.56 121.48 1.45 13:45:51
142 98 25.77 21.1 1.28 13:45:51
143 92 63.56 121.48 1.02 13:45:51
144 99 25.76 21.1 1.36 13:45:51
145 93 63.56 121.48 1.62 13:45:51
146 100 25.76 21.1 1.19 13:45:51
147 94 63.56 118.67 0.94 13:45:51
148 101 25.76 21.1 0.94 13:45:51
149 95 63.56 121.48 1.96 13:45:52
150 102 25.76 21.1 0.85 13:45:52
151 96 63.56 121.48 2.64 13:45:52
152 103 25.76 21.06 0.68 13:45:52
153 97 63.58 121.48 1.96 13:45:52
154 104 25.76 21.06 0.85 13:45:52
155 98 64.18 21.06 0.94 13:45:52
156 105 25.78 21.06 0.94 13:45:52
157 99 63.58 121.48 1.53 13:45:52
158 106 25.78 21.06 0.85 13:45:52
159 100 63.58 121.48 1.02 13:45:52
160 107 25.78 21.06 1.28 13:45:52
161 101 63.58 121.48 1.7 13:45:52
162 108 25.78 21.06 1.19 13:45:52
163 102 63.58 121.48 1.62 13:45:52
164 109 25.78 21.06 1.02 13:45:52
165 103 63.57 121.48 1.79 13:45:52
166 110 25.78 21.06 0.77 13:45:52
167 104 63.57 121.48 2.55 13:45:52
168 111 25.78 21.06 0.43 13:45:52
169 105 63.58 121.48 2.04 13:45:53
170 112 25.77 21.03 0.77 13:45:53
171 106 63.58 121.48 1.96 13:45:53
172 113 25.77 21.03 1.19 13:45:53
173 107 63.58 121.48 1.53 13:45:53
174 114 25.77 21.03 1.19 13:45:53
175 108 63.58 121.48 1.87 13:45:53
176 115 25.78 21.03 1.28 13:45:53
177 109 64.18 21.0 1.19 13:45:53
178 116 25.78 21.0 1.19 13:45:53
179 110 63.58 121.48 1.53 13:45:53
180 117 25.78 21.0 1.19 13:45:53
181 111 63.58 121.48 1.62 13:45:53
182 118 25.77 21.0 1.02 13:45:53
183 112 63.58 121.48 2.3 13:45:53
184 119 25.77 21.0 1.02 13:45:53
185 113 63.58 121.48 2.55 13:45:53
186 120 25.77 21.0 0.68 13:45:53
187 121 25.78 21.0 0.94 13:45:53
188 121 25.78 21.0 0.94 13:45:53
189 115 63.59 121.48 1.87 13:45:54
190 122 25.78 21.0 1.11 13:45:54
191 116 63.59 121.48 1.28 13:45:54
192 123 25.78 21.0 1.28 13:45:54
193 117 63.59 121.48 0.85 13:45:54
194 124 25.78 21.0 1.28 13:45:54
195 118 63.59 118.6 1.19 13:45:54
196 125 25.78 21.0 1.19 13:45:54
197 126 25.78 21.0 1.02 13:45:54
198 126 25.78 21.0 1.02 13:45:54
199 120 63.59 121.48 1.62 13:45:54
200 127 25.78 21.0 1.02 13:45:54
201 121 63.59 121.48 2.55 13:45:54
202 128 25.77 20.93 0.68 13:45:54
203 122 63.58 121.48 2.13 13:45:54
204 129 25.77 20.93 0.68 13:45:54
205 123 63.58 121.48 1.79 13:45:54
206 130 25.77 20.93 0.51 13:45:54
207 124 63.58 121.48 1.7 13:45:54
208 131 25.77 20.93 1.11 13:45:54
209 125 63.59 121.48 1.02 13:45:55
210 132 25.77 20.93 1.19 13:45:55
211 126 63.59 121.48 1.62 13:45:55
212 133 25.77 20.93 1.19 13:45:55
213 127 25.78 20.93 1.11 13:45:55
214 134 25.78 20.93 1.11 13:45:55
215 128 63.59 121.48 1.96 13:45:55
216 135 25.78 20.93 1.02 13:45:55
217 129 63.59 121.48 1.96 13:45:55
218 136 25.78 20.93 0.77 13:45:55
219 130 63.59 118.55 1.02 13:45:55
220 137 25.78 20.93 1.02 13:45:55
221 131 63.59 121.48 1.79 13:45:55
222 138 25.78 20.93 0.94 13:45:55
223 132 63.59 121.48 1.7 13:45:55
224 139 25.78 20.93 1.02 13:45:55
225 133 63.6 121.48 1.28 13:45:55
226 140 25.78 20.93 1.02 13:45:55
227 134 63.6 121.48 1.02 13:45:55
228 141 25.78 20.86 1.19 13:45:55
229 135 63.6 121.48 1.7 13:45:56
230 142 25.78 20.86 1.11 13:45:56
231 136 64.18 20.86 0.94 13:45:56
232 143 25.78 20.86 0.94 13:45:56
233 137 63.6 121.48 2.13 13:45:56
234 144 25.79 20.93 0.6 13:45:56
235 138 63.6 121.48 2.72 13:45:56
236 145 25.79 20.93 0.68 13:45:56
237 139 63.6 121.48 1.7 13:45:56
238 146 25.79 20.93 0.85 13:45:56
239 140 64.18 20.93 1.36 13:45:56
240 147 25.78 20.93 1.36 13:45:56
241 141 63.6 121.48 1.7 13:45:56
242 148 25.78 20.89 1.19 13:45:56
243 142 63.6 121.48 1.11 13:45:56
244 149 25.78 20.89 1.45 13:45:56
245 143 63.6 121.48 1.28 13:45:56
246 150 25.78 20.89 1.19 13:45:56
247 144 63.63 121.48 1.62 13:45:56
248 151 25.78 20.86 1.62 13:45:56
249 145 63.63 121.48 1.79 13:45:57
250 152 25.78 20.86 0.68 13:45:57
251 146 63.63 121.48 2.38 13:45:57
252 153 25.79 20.86 0.77 13:45:57
253 147 63.62 121.48 1.87 13:45:57
254 154 25.79 20.86 0.77 13:45:57
255 148 64.19 20.86 0.68 13:45:57
256 155 25.79 20.86 0.68 13:45:57
257 149 63.62 121.48 1.7 13:45:57
258 156 25.79 20.86 1.11 13:45:57
259 150 63.61 121.48 1.87 13:45:57
260 157 25.79 20.86 1.11 13:45:57
261 151 63.61 121.48 1.62 13:45:57
262 158 25.79 20.86 1.11 13:45:57
263 152 63.61 121.48 1.79 13:45:57
264 159 25.79 20.86 0.68 13:45:57
265 153 63.61 121.48 1.36 13:45:57
266 160 25.79 20.86 0.6 13:45:57
267 154 63.61 121.48 2.21 13:45:57
268 161 25.79 20.86 0.85 13:45:57
269 155 63.61 121.48 0.94 13:45:58
270 162 25.79 20.86 0.94 13:45:58
271 156 63.61 121.48 1.87 13:45:58
272 163 25.8 20.86 0.85 13:45:58
273 164 65.96 89.56 0.94 71:54:48
274 164 25.8 20.82 0.94 13:45:58
275 158 63.6 121.48 1.53 13:45:58
276 165 25.8 20.82 1.36 13:45:58
277 166 25.79 20.82 1.28 13:45:58
278 166 25.79 20.82 1.28 13:45:58
279 160 63.6 20.82 1.11 13:45:58
280 167 25.79 20.82 1.11 13:45:58
281 161 63.63 121.48 1.87 13:45:58
282 168 25.79 20.82 0.26 13:45:58
283 162 64.2 20.82 0.77 13:45:58
284 169 25.8 20.82 0.77 13:45:58
285 163 63.63 121.48 2.47 13:45:58
286 170 25.8 20.79 0.77 13:45:58
287 164 63.61 121.48 2.13 13:45:58
288 171 25.8 20.79 0.94 13:45:58
289 165 63.61 121.48 1.87 13:45:59
290 172 25.8 20.79 0.6 13:45:59
291 166 64.2 20.79 1.11 13:45:59
292 173 25.8 20.79 1.11 13:45:59
293 167 63.61 121.48 1.19 13:45:59
294 174 25.8 20.79 1.11 13:45:59
295 168 63.61 121.48 1.62 13:45:59
296 175 25.8 20.79 1.02 13:45:59
297 169 63.63 121.48 2.04 13:45:59
298 176 25.79 20.79 1.11 13:45:59
299 170 63.63 121.48 1.87 13:45:59
300 177 25.79 20.79 1.02 13:45:59
301 178 25.79 20.79 0.77 13:45:59
302 178 25.79 20.79 0.77 13:45:59
303 172 63.64 121.48 2.47 13:45:59
304 179 25.8 20.79 0.85 13:45:59
305 173 63.64 121.48 1.7 13:45:59
306 180 25.8 20.75 0.94 13:45:59
307 174 63.64 121.48 1.62 13:45:59
308 181 25.8 20.75 0.26 13:45:59
309 175 63.63 121.48 1.53 13:46:0
310 182 25.8 20.75 1.19 13:46:0
311 176 63.63 121.48 0.94 13:46:0
312 183 25.8 20.72 1.28 13:46:0
313 177 63.62 121.48 1.62 13:46:0
314 184 25.8 20.72 1.19 13:46:0
315 178 63.62 121.48 1.96 13:46:0
316 185 25.79 20.72 0.94 13:46:0
317 179 25.79 20.72 0.43 13:46:0
318 186 25.79 20.72 0.43 13:46:0
319 180 25.79 20.72 0.68 13:46:0
320 187 25.79 20.72 0.68 13:46:0
321 181 63.62 121.48 2.04 13:46:0
322 188 25.79 20.72 0.94 13:46:0
323 182 63.62 121.48 1.7 13:46:0
324 189 25.79 20.72 0.94 13:46:0
325 183 63.64 121.48 1.62 13:46:0
326 190 25.79 20.72 1.11 13:46:0
327 184 63.64 121.48 1.02 13:46:0
328 191 25.79 20.72 1.36 13:46:0
329 185 63.64 121.48 1.62 13:46:1
330 192 25.79 20.72 1.02 13:46:1
331 186 63.64 121.48 1.11 13:46:1
332 193 25.79 20.72 1.53 13:46:1
333 187 63.64 121.48 1.79 13:46:1
334 194 25.79 20.72 1.02 13:46:1
335 188 25.79 20.72 0.85 13:46:1
336 195 25.79 20.72 0.85 13:46:1
337 189 63.64 121.48 1.79 13:46:1
338 196 25.79 20.72 1.11 13:46:1
339 190 63.64 121.48 2.04 13:46:1
340 197 25.79 20.72 0.77 13:46:1
341 191 63.63 121.48 1.7 13:46:1
342 198 25.79 20.72 1.11 13:46:1
343 192 63.63 121.48 1.36 13:46:1
344 199 25.79 20.72 1.19 13:46:1
345 193 63.63 121.48 0.77 13:46:1
346 200 25.79 20.72 1.11 13:46:1
347 194 63.64 121.48 1.53 13:46:1
348 201 25.8 20.72 1.19 13:46:1
349 195 63.64 121.48 1.87 13:46:2
350 202 25.8 20.72 1.02 13:46:2
351 196 63.64 121.48 2.13 13:46:2
352 203 25.8 20.72 0.77 13:46:2
353 197 63.63 121.48 2.55 13:46:2
354 204 25.8 20.72 0.85 13:46:2
355 198 63.63 121.48 1.7 13:46:2
356 205 25.8 20.65 0.68 13:46:2
357 199 63.63 121.48 1.87 13:46:2
358 206 25.8 20.65 1.02 13:46:2
359 200 63.63 121.48 1.45 13:46:2
360 207 25.8 20.65 1.45 13:46:2
361 201 63.63 121.48 0.6 13:46:2
362 208 25.8 20.65 1.36 13:46:2
363 202 63.65 121.48 1.62 13:46:2
364 209 25.8 20.65 1.28 13:46:2
365 203 25.8 20.65 0.6 13:46:2
366 210 25.8 20.65 0.6 13:46:2
367 204 63.65 121.48 1.96 13:46:2
368 211 25.79 20.65 0.68 13:46:2
369 205 63.65 121.48 2.21 13:46:3
370 212 25.79 20.65 0.6 13:46:3
371 206 63.65 121.48 1.62 13:46:3
372 213 25.79 20.65 0.85 13:46:3
373 207 63.65 121.48 1.79 13:46:3
374 214 25.8 20.65 0.68 13:46:3
375 208 63.65 121.48 1.7 13:46:3
376 215 25.8 20.65 1.11 13:46:3
377 209 63.65 121.48 1.19 13:46:3
378 216 25.8 20.65 1.28 13:46:3
379 210 63.65 121.48 1.62 13:46:3
380 217 25.8 20.65 1.28 13:46:3
381 211 63.64 121.48 1.62 13:46:3
382 218 25.8 20.65 0.94 13:46:3
383 212 63.64 121.48 1.79 13:46:3
384 219 25.8 20.65 0.85 13:46:3
385 213 63.63 121.48 2.13 13:46:3
386 220 25.8 20.65 0.85 13:46:3
387 214 63.63 121.48 2.55 13:46:3
388 221 25.8 20.65 0.6 13:46:3
389 215 63.63 121.48 1.7 13:46:4
390 222 25.8 20.65 0.09 13:46:4
391 216 63.65 121.48 1.79 13:46:4
392 223 25.8 20.65 0.94 13:46:4
393 217 63.65 121.48 1.28 13:46:4
394 224 25.8 20.65 1.11 13:46:4
395 218 63.65 121.48 0.94 13:46:4
396 225 25.8 20.65 1.28 13:46:4
397 219 63.65 121.48 1.53 13:46:4
398 226 25.8 20.65 1.11 13:46:4
399 220 63.65 121.48 2.04 13:46:4
400 227 25.81 20.65 0.85 13:46:4
401 221 63.65 121.48 1.87 13:46:4
402 228 25.81 20.65 0.51 13:46:4
403 222 63.65 121.48 2.3 13:46:4
404 229 25.81 20.65 0.68 13:46:4
405 223 64.21 20.65 0.77 13:46:4
406 230 25.81 20.65 0.77 13:46:4
407 224 63.65 121.48 1.7 13:46:4
408 231 25.81 20.65 1.11 13:46:4
409 225 63.65 121.48 1.7 13:46:5
410 232 25.81 20.65 1.11 13:46:5
411 226 63.65 121.48 1.19 13:46:5
412 233 25.81 20.65 1.19 13:46:5
413 227 63.65 121.48 1.79 13:46:5
414 234 25.81 20.65 1.11 13:46:5
415 228 63.65 121.48 1.79 13:46:5
416 235 25.81 20.65 1.11 13:46:5
417 229 63.65 121.48 1.79 13:46:5
418 236 25.81 20.65 0.85 13:46:5
419 230 63.65 121.48 2.04 13:46:5
420 237 25.82 20.65 0.6 13:46:5
421 231 63.65 121.48 1.87 13:46:5
422 238 25.82 20.65 0.68 13:46:5
423 232 63.65 121.48 1.96 13:46:5
424 239 25.82 20.65 1.11 13:46:5
425 233 63.65 121.48 1.36 13:46:5
426 240 25.81 20.65 1.11 13:46:5
427 234 63.65 121.48 1.11 13:46:5
428 241 25.81 20.65 1.19 13:46:5
429 235 63.66 121.48 0.68 13:46:6
430 242 25.81 20.65 1.19 13:46:6
431 236 63.66 121.48 1.7 13:46:6
432 243 25.81 20.65 1.02 13:46:6
433 237 63.66 121.48 1.7 13:46:6
434 244 25.81 20.65 1.02 13:46:6
435 238 63.65 121.48 1.87 13:46:6
436 245 25.81 20.65 0.94 13:46:6
437 239 63.65 121.48 2.64 13:46:6
438 246 25.82 20.65 0.85 13:46:6
439 240 63.65 121.48 1.87 13:46:6
440 247 25.82 20.65 0.77 13:46:6
441 241 63.65 121.48 1.7 13:46:6
442 248 25.82 20.65 1.02 13:46:6
443 242 63.65 121.48 1.79 13:46:6
444 249 25.82 20.65 1.02 13:46:6
445 243 63.65 62.5 1.36 13:46:6
446 250 25.82 20.65 1.36 13:46:6
447 244 63.66 121.48 1.62 13:46:6
448 251 25.82 20.65 1.19 13:46:6
449 245 63.66 20.65 1.02 13:46:7
450 252 25.82 20.65 1.02 13:46:7
451 246 63.65 121.48 1.62 13:46:7
452 253 25.82 20.65 0.85 13:46:7
453 254 25.82 20.65 0.77 13:46:7
454 254 25.82 20.65 0.77 13:46:7
455 248 63.65 121.48 1.96 13:46:7
456 255 25.82 20.65 0.85 13:46:7
457 249 63.66 121.48 1.79 13:46:7
458 256 25.82 20.68 1.02 13:46:7
459 250 63.66 121.48 1.62 13:46:7
460 257 25.82 20.68 1.02 13:46:7
461 251 63.66 121.48 1.28 13:46:7
462 258 25.82 20.68 1.36 13:46:7
463 252 63.66 121.48 1.62 13:46:7
464 259 25.82 20.68 1.19 13:46:7
465 253 63.66 121.48 1.7 13:46:7
466 260 25.82 20.68 0.85 13:46:7
467 254 63.66 121.48 1.7 13:46:7
468 261 25.82 20.68 0.43 13:46:7
469 255 63.65 121.48 1.7 13:46:8
470 262 25.82 20.68 0.68 13:46:8
471 256 63.65 121.48 2.3 13:46:8
472 263 25.82 20.72 0.85 13:46:8
473 257 63.65 121.48 1.7 13:46:8
474 264 25.82 20.72 0.94 13:46:8
475 258 63.65 121.48 1.53 13:46:8
476 265 25.82 20.72 1.02 13:46:8
477 259 63.65 121.48 1.28 13:46:8
478 266 25.82 20.72 1.28 13:46:8
479 260 63.67 121.48 0.51 13:46:8
480 267 25.82 20.72 1.11 13:46:8
481 268 25.82 20.72 1.02 13:46:8
482 268 25.82 20.72 1.02 13:46:8
483 269 25.83 20.72 0.94 13:46:8
484 269 25.83 20.72 0.94 13:46:8
485 263 63.68 121.48 1.62 13:46:8
486 270 25.83 20.72 0.68 13:46:8
487 264 63.68 121.48 2.3 13:46:8
488 271 25.83 20.72 0.6 13:46:8
489 265 63.68 121.48 1.7 13:46:9
490 272 25.82 20.72 0.85 13:46:9
491 266 63.67 121.48 1.45 13:46:9
492 273 25.82 20.72 1.02 13:46:9
493 267 63.67 20.72 1.45 13:46:9
494 274 25.82 20.72 1.45 13:46:9
495 268 63.67 121.48 0.68 13:46:9
496 275 25.83 20.72 1.28 13:46:9
497 269 63.68 121.48 1.53 13:46:9
498 276 25.83 20.72 1.02 13:46:9
499 270 63.68 121.48 1.62 13:46:9
500 277 25.83 20.72 0.94 13:46:9
501 271 63.66 121.48 1.7 13:46:9
502 278 25.82 20.72 0.85 13:46:9
503 272 63.66 121.48 2.04 13:46:9
504 279 25.82 20.72 0.68 13:46:9
505 273 63.66 121.48 1.62 13:46:9
506 280 25.82 20.72 0.77 13:46:9
507 274 63.67 121.48 1.62 13:46:9
508 281 25.83 20.72 1.02 13:46:9
509 275 63.67 121.48 1.36 13:46:10
510 282 25.83 20.72 0.85 13:46:10
511 276 63.67 121.48 0.6 13:46:10
512 283 25.83 20.72 1.19 13:46:10
513 277 63.67 121.48 0.43 13:46:10
514 284 25.83 20.72 1.11 13:46:10
515 278 63.67 20.72 1.11 13:46:10
516 285 25.82 20.72 1.11 13:46:10
517 279 63.67 121.48 1.62 13:46:10
518 286 25.82 20.72 0.77 13:46:10
519 280 63.68 20.72 0.68 13:46:10
520 287 25.82 20.72 0.68 13:46:10
521 281 63.68 121.48 2.38 13:46:10
522 288 25.83 20.72 0.77 13:46:10
523 282 63.69 121.48 1.87 13:46:10
524 289 25.83 20.72 0.77 13:46:10
525 283 63.69 121.48 1.96 13:46:10
526 290 25.83 20.72 1.11 13:46:10
527 284 63.69 121.48 1.53 13:46:10
528 291 25.83 20.72 1.36 13:46:10
529 285 63.68 121.48 0.85 13:46:11
530 292 25.83 20.72 1.28 13:46:11
531 286 63.68 121.48 1.62 13:46:11
532 293 25.83 20.72 1.19 13:46:11
533 287 63.68 118.41 0.85 13:46:11
534 294 25.83 20.72 0.85 13:46:11
535 288 63.68 121.48 1.28 13:46:11
536 295 25.83 20.72 0.77 13:46:11
537 289 63.68 121.48 2.3 13:46:11
538 296 25.83 20.72 0.51 13:46:11
539 290 64.23 20.72 0.68 13:46:11
540 297 25.83 20.72 0.68 13:46:11
541 291 63.68 121.48 1.62 13:46:11
542 298 25.83 20.72 0.34 13:46:11
543 292 63.68 121.48 1.36 13:46:11
544 299 25.83 20.72 1.02 13:46:11
545 293 63.68 121.48 1.28 13:46:11
546 300 25.83 20.72 1.19 13:46:11
547 294 63.67 121.48 1.02 13:46:11
548 301 25.83 20.72 0.94 13:46:11
549 295 63.67 121.48 1.45 13:46:12
550 302 25.83 20.72 0.68 13:46:12
551 296 63.67 121.48 1.62 13:46:12
552 303 25.83 20.72 0.94 13:46:12
553 304 25.83 20.72 0.77 13:46:12
554 304 25.83 20.72 0.77 13:46:12
555 298 63.67 121.48 2.38 13:46:12
556 305 25.83 20.72 0.85 13:46:12
557 299 63.68 121.48 1.87 13:46:12
558 306 25.83 20.72 0.85 13:46:12
559 300 63.68 121.48 1.53 13:46:12
560 307 25.83 20.72 1.02 13:46:12
561 301 63.68 121.48 1.45 13:46:12
562 308 25.83 20.72 1.19 13:46:12
563 302 25.83 20.72 1.11 13:46:12
564 309 25.83 20.72 1.11 13:46:12
565 303 63.67 121.48 1.45 13:46:12
566 310 25.84 20.72 1.02 13:46:12
567 304 63.67 121.48 1.7 13:46:12
568 311 25.84 20.72 0.85 13:46:12
569 305 63.69 121.48 1.7 13:46:13
570 312 25.84 20.72 0.34 13:46:13
571 306 63.69 121.48 2.13 13:46:13
572 313 25.83 20.72 0.68 13:46:13
573 307 63.69 121.48 1.62 13:46:13
574 314 25.83 20.72 0.77 13:46:13
575 308 63.69 121.48 1.53 13:46:13
576 315 25.83 20.72 0.85 13:46:13
577 309 63.69 121.48 1.62 13:46:13
578 316 25.83 20.72 1.19 13:46:13
579 310 25.84 20.72 1.19 13:46:13
580 317 25.84 20.72 1.19 13:46:13
581 311 64.24 20.72 0.68 13:46:13
582 318 25.84 20.72 0.68 13:46:13
583 319 25.84 20.72 1.28 13:46:13
584 319 25.84 20.72 1.28 13:46:13
585 313 63.7 121.48 1.7 13:46:13
586 320 25.83 20.72 1.02 13:46:13
587 314 63.7 121.48 2.55 13:46:13
588 321 25.83 20.72 0.77 13:46:13
589 315 63.7 121.48 2.13 13:46:14
590 322 25.83 20.72 0.77 13:46:14
591 316 63.69 121.48 1.7 13:46:14
592 323 25.84 20.72 0.85 13:46:14
593 317 63.69 121.48 1.45 13:46:14
594 324 25.84 20.72 1.02 13:46:14
595 318 63.7 121.48 1.02 13:46:14
596 325 25.84 20.72 1.11 13:46:14
597 319 63.7 121.48 0.6 13:46:14
598 326 25.84 20.72 1.11 13:46:14
599 320 25.84 20.72 1.02 13:46:14
600 327 25.84 20.72 1.02 13:46:14
601 321 63.7 121.48 0.77 13:46:14
602 328 25.84 20.72 1.02 13:46:14
603 322 63.7 121.48 1.62 13:46:14
604 329 25.84 20.72 1.02 13:46:14
605 323 63.7 121.48 2.13 13:46:14
606 330 25.84 20.72 0.68 13:46:14
607 324 63.7 121.48 0.77 13:46:14
608 331 25.84 20.72 0.77 13:46:14
609 325 63.7 121.48 1.36 13:46:15
610 332 25.84 20.72 0.94 13:46:15
611 326 63.7 121.48 1.36 13:46:15
612 333 25.82 20.72 0.94 13:46:15
613 327 63.69 121.48 0.85 13:46:15
614 334 25.82 20.72 1.19 13:46:15
615 328 63.69 121.48 1.7 13:46:15
616 335 25.82 20.72 1.02 13:46:15
617 329 63.7 121.48 1.53 13:46:15
618 336 25.85 20.75 0.94 13:46:15
619 330 63.7 121.48 1.7 13:46:15
620 337 25.85 20.75 0.94 13:46:15
621 331 63.7 20.75 0.68 13:46:15
622 338 25.85 20.75 0.68 13:46:15
623 332 63.71 121.48 1.79 13:46:15
624 339 25.84 20.75 0.68 13:46:15
625 333 63.71 121.48 1.79 13:46:15
626 340 25.84 20.79 1.02 13:46:15
627 334 63.71 121.48 1.45 13:46:15
628 341 25.84 20.79 1.11 13:46:15
629 335 63.71 121.48 1.19 13:46:16
630 342 25.84 20.79 1.11 13:46:16
631 336 63.71 121.48 0.68 13:46:16
632 343 25.84 20.75 1.11 13:46:16
633 337 63.71 121.48 1.45 13:46:16
634 344 25.84 20.75 1.19 13:46:16
635 338 63.7 121.48 1.36 13:46:16
636 345 25.84 20.75 0.85 13:46:16
637 339 63.7 121.48 1.79 13:46:16
638 346 25.84 20.72 0.68 13:46:16
639 340 63.7 121.48 2.3 13:46:16
640 347 25.84 20.72 0.85 13:46:16
641 341 63.7 118.41 0.68 13:46:16
642 348 25.84 20.72 0.68 13:46:16
643 342 63.7 20.79 0.94 13:46:16
644 349 25.85 20.79 0.94 13:46:16
645 343 63.7 121.48 1.62 13:46:16
646 350 25.85 20.79 0.94 13:46:16
647 344 63.7 20.79 1.11 13:46:16
648 351 25.85 20.79 1.11 13:46:16
649 345 63.7 121.48 1.53 13:46:17
650 352 25.84 20.75 1.11 13:46:17
651 346 63.7 121.48 1.45 13:46:17
652 353 25.84 20.75 1.02 13:46:17
653 347 63.7 121.48 1.53 13:46:17
654 354 25.84 20.75 0.85 13:46:17
655 348 63.7 121.48 1.7 13:46:17
656 355 25.85 20.75 0.68 13:46:17
657 349 63.7 121.48 1.79 13:46:17
658 356 25.85 20.75 0.77 13:46:17
659 350 63.7 121.48 1.62 13:46:17
660 357 25.85 20.75 1.02 13:46:17
661 351 63.7 121.48 1.79 13:46:17
662 358 25.84 20.75 1.11 13:46:17
663 352 63.69 121.48 1.45 13:46:17
664 359 25.84 20.79 1.19 13:46:17
665 353 63.69 121.48 0.94 13:46:17
666 360 25.84 20.79 1.19 13:46:17
667 354 63.72 121.48 1.79 13:46:17
668 361 25.85 20.79 1.02 13:46:17
669 355 63.72 121.48 0.94 13:46:18
670 362 25.85 20.75 0.94 13:46:18
671 356 63.72 121.48 1.87 13:46:18
672 363 25.85 20.75 0.85 13:46:18
673 357 63.71 121.48 2.55 13:46:18
674 364 25.85 20.75 0.94 13:46:18
675 358 63.71 121.48 1.96 13:46:18
676 365 25.86 20.79 0.43 13:46:18
677 359 63.71 121.48 1.87 13:46:18
678 366 25.86 20.79 0.94 13:46:18
679 360 63.71 121.48 1.62 13:46:18
680 367 25.86 20.79 1.02 13:46:18
681 361 63.71 121.48 0.77 13:46:18
682 368 25.85 20.79 1.11 13:46:18
683 362 63.71 121.48 1.36 13:46:18
684 369 25.85 20.79 1.36 13:46:18
685 363 63.71 121.48 1.45 13:46:18
686 370 25.85 20.79 0.94 13:46:18
687 364 63.71 121.48 1.45 13:46:18
688 371 25.85 20.79 0.68 13:46:18
689 365 64.25 20.79 0.68 13:46:19
690 372 25.85 20.79 0.68 13:46:19
691 366 64.25 20.79 0.77 13:46:19
692 373 25.85 20.79 0.77 13:46:19
693 367 63.71 121.48 1.62 13:46:19
694 374 25.84 20.79 1.11 13:46:19
695 368 63.71 121.48 1.11 13:46:19
696 375 25.84 20.79 0.85 13:46:19
697 369 63.71 121.48 0.94 13:46:19
698 376 25.84 20.79 1.28 13:46:19
699 370 63.71 121.48 0.43 13:46:19
700 377 25.86 20.79 1.19 13:46:19
701 371 63.7 121.48 1.62 13:46:19
702 378 25.86 20.79 1.11 13:46:19
703 372 63.7 121.48 1.62 13:46:19
704 379 25.86 20.79 0.94 13:46:19
705 373 64.26 20.79 0.6 13:46:19
706 380 25.86 20.79 0.6 13:46:19
707 374 63.71 121.48 2.47 13:46:19
708 381 25.86 20.79 0.68 13:46:19
709 375 63.71 20.79 0.85 13:46:20
710 382 25.86 20.79 0.85 13:46:20
711 376 63.71 121.48 1.87 13:46:20
712 383 25.86 20.79 1.02 13:46:20
713 377 63.71 121.48 1.53 13:46:20
714 384 25.86 20.79 0.94 13:46:20
715 385 25.86 20.79 1.19 13:46:20
716 385 25.86 20.79 1.19 13:46:20
717 379 63.71 121.48 1.45 13:46:20
718 386 25.86 20.79 1.45 13:46:20
719 380 63.71 121.48 1.36 13:46:20
720 387 25.85 20.79 1.02 13:46:20
721 381 63.71 121.48 1.7 13:46:20
722 388 25.85 20.79 0.85 13:46:20
723 382 63.73 121.48 2.55 13:46:20
724 389 25.85 20.79 0.85 13:46:20
725 383 63.73 121.48 2.55 13:46:20
726 390 25.85 20.79 0.85 13:46:20
727 384 63.73 121.48 1.87 13:46:20
728 391 25.85 20.79 0.94 13:46:20
729 385 63.73 121.48 1.7 13:46:21
730 392 25.85 20.79 1.19 13:46:21
731 386 63.73 121.48 1.45 13:46:21
732 393 25.85 20.79 1.36 13:46:21
733 394 25.85 20.79 0.94 13:46:21
734 394 25.85 20.79 0.94 13:46:21
735 388 63.73 121.48 1.36 13:46:21
736 395 25.85 20.79 1.11 13:46:21
737 389 63.73 121.48 1.87 13:46:21
738 396 25.85 20.79 0.85 13:46:21
739 390 63.73 121.48 1.96 13:46:21
740 397 25.86 20.79 0.94 13:46:21
741 391 63.73 121.48 2.38 13:46:21
742 398 25.86 20.79 0.68 13:46:21
743 392 63.73 121.48 1.28 13:46:21
744 399 25.86 20.79 0.85 13:46:21
745 393 63.71 121.48 1.62 13:46:21
746 400 25.86 20.79 0.85 13:46:21
747 394 63.71 121.48 1.45 13:46:21
748 401 25.86 20.79 1.02 13:46:21
749 395 63.71 121.48 1.62 13:46:22
750 402 25.86 20.79 1.19 13:46:22
751 396 63.72 121.48 1.28 13:46:22
752 403 25.87 20.79 1.02 13:46:22
753 397 63.72 121.48 0.94 13:46:22
754 404 25.87 20.79 1.45 13:46:22
755 398 63.72 121.48 1.7 13:46:22
756 405 25.87 20.79 0.85 13:46:22
757 399 63.73 121.48 2.21 13:46:22
758 406 25.86 20.79 0.77 13:46:22
759 400 63.73 121.48 2.55 13:46:22
760 407 25.86 20.79 0.68 13:46:22
761 401 63.72 121.48 1.96 13:46:22
762 408 25.86 20.79 0.77 13:46:22
763 402 63.72 121.48 2.04 13:46:22
764 409 25.85 20.79 1.02 13:46:22
765 403 63.72 20.79 1.19 13:46:22
766 410 25.85 20.79 1.19 13:46:22
767 404 63.73 121.48 1.02 13:46:22
768 411 25.85 20.79 1.11 13:46:22
769 405 63.73 118.46 1.02 13:46:23
770 412 25.85 20.79 1.02 13:46:23
771 406 64.26 20.79 1.02 13:46:23
772 413 25.86 20.79 1.02 13:46:23
773 407 63.73 121.48 1.7 13:46:23
774 414 25.86 20.79 0.6 13:46:23
775 408 63.73 121.48 1.79 13:46:23
776 415 25.86 20.79 0.17 13:46:23
777 409 63.73 121.48 1.45 13:46:23
778 416 25.86 20.79 0.6 13:46:23
779 410 63.73 121.48 1.62 13:46:23
780 417 25.86 20.79 0.77 13:46:23
781 411 63.73 121.48 1.11 13:46:23
782 418 25.86 20.79 1.11 13:46:23
783 412 63.73 121.48 0.77 13:46:23
784 419 25.86 20.79 0.68 13:46:23
785 413 63.73 121.48 0.51 13:46:23
786 420 25.86 20.79 1.11 13:46:23
787 414 63.73 121.48 1.45 13:46:23
788 421 25.86 20.79 0.77 13:46:23
789 415 63.73 121.48 1.62 13:46:24
790 422 25.86 20.79 1.02 13:46:24
791 4519 25.86 20.79 0.6 77375:22:49
792 423 25.86 20.79 0.6 13:46:24
793 417 63.73 121.48 2.64 13:46:24
794 424 25.86 20.79 0.77 13:46:24
795 418 63.72 20.79 0.77 13:46:24
796 425 25.87 20.79 0.77 13:46:24
797 426 25.87 20.79 1.11 13:46:24
798 426 25.87 20.79 1.11 13:46:24
799 420 63.72 121.48 1.62 13:46:24
800 427 25.87 20.79 0.94 13:46:24
801 421 64.27 20.79 1.19 13:46:24
802 428 25.87 20.79 1.19 13:46:24
803 422 63.74 20.79 1.11 13:46:24
804 429 25.86 20.79 1.11 13:46:24
805 423 63.73 121.48 1.62 13:46:24
806 430 25.86 20.79 0.85 13:46:24
807 424 63.73 121.48 1.7 13:46:24
808 431 25.86 20.79 0.94 13:46:24
809 425 63.73 121.48 1.87 13:46:25
810 432 25.87 20.79 0.51 13:46:25
811 426 63.74 121.48 1.62 13:46:25
812 433 25.87 20.79 0.77 13:46:25
813 427 63.74 121.48 1.53 13:46:25
814 434 25.87 20.79 0.0 13:46:25
815 428 63.74 121.48 1.45 13:46:25
816 435 25.86 20.79 1.02 13:46:25
817 429 63.73 121.48 1.11 13:46:25
818 436 25.86 20.79 1.19 13:46:25
819 430 63.73 121.48 0.77 13:46:25
820 437 25.86 20.79 1.11 13:46:25
821 431 63.73 121.48 1.36 13:46:25
822 438 25.87 20.79 0.77 13:46:25
823 432 63.74 121.48 1.28 13:46:25
824 439 25.87 20.79 0.94 13:46:25
825 433 63.74 121.48 1.62 13:46:25
826 440 25.87 20.79 0.68 13:46:25
827 434 63.73 20.79 0.85 13:46:25
828 441 25.87 20.79 0.85 13:46:25
829 435 63.73 20.79 0.77 13:46:26
830 442 25.87 20.79 0.77 13:46:26
831 436 63.73 121.48 1.79 13:46:26
832 443 25.87 20.79 0.94 13:46:26
833 437 63.75 121.48 1.53 13:46:26
834 444 25.87 20.79 1.36 13:46:26
835 438 63.75 121.48 0.94 13:46:26
836 445 25.87 20.79 1.36 13:46:26
837 439 64.27 20.79 1.11 13:46:26
838 446 25.87 20.79 1.11 13:46:26
839 440 63.73 121.48 1.96 13:46:26
840 447 25.87 20.79 0.77 13:46:26
841 441 63.73 121.48 1.7 13:46:26
842 448 25.88 20.79 0.68 13:46:26
843 442 63.73 121.48 1.79 13:46:26
844 449 25.88 20.79 0.68 13:46:26
845 443 63.74 121.48 2.13 13:46:26
846 450 25.88 20.79 0.0 13:46:26
847 444 63.74 121.48 1.62 13:46:26
848 451 25.86 20.79 0.51 13:46:26
849 445 63.74 121.48 1.45 13:46:27
850 452 25.86 20.79 0.94 13:46:27
851 446 63.74 121.48 1.19 13:46:27
852 453 25.86 20.79 1.19 13:46:27
853 447 63.74 121.48 0.6 13:46:27
854 454 25.87 20.79 1.11 13:46:27
855 448 63.75 121.48 1.45 13:46:27
856 455 25.87 20.79 0.94 13:46:27
857 449 63.75 121.48 1.45 13:46:27
858 456 25.87 20.79 0.94 13:46:27
859 450 63.75 121.48 1.87 13:46:27
860 457 25.87 20.79 0.85 13:46:27
861 451 63.75 121.48 2.55 13:46:27
862 458 25.87 20.79 0.77 13:46:27
863 452 63.75 121.48 1.87 13:46:27
864 459 25.87 20.79 0.94 13:46:27
865 453 63.75 121.48 1.7 13:46:27
866 460 25.87 20.79 0.85 13:46:27
867 454 63.76 121.48 1.53 13:46:27
868 461 25.87 20.79 0.85 13:46:27
869 455 63.76 121.48 1.11 13:46:28
870 462 25.87 20.79 1.19 13:46:28
871 456 63.76 121.48 1.45 13:46:28
872 463 25.87 20.79 1.19 13:46:28
873 457 63.75 121.48 1.45 13:46:28
874 464 25.87 20.79 0.85 13:46:28
875 458 63.75 121.48 1.53 13:46:28
876 465 25.87 20.79 0.51 13:46:28
877 459 63.75 118.46 0.6 13:46:28
878 466 25.87 20.79 0.6 13:46:28
879 460 63.75 121.48 2.38 13:46:28
880 467 25.88 20.79 0.68 13:46:28
881 461 63.75 121.48 1.53 13:46:28
882 468 25.88 20.79 0.77 13:46:28
883 462 63.75 121.48 1.45 13:46:28
884 469 25.88 20.79 1.11 13:46:28
885 463 63.75 121.48 1.87 13:46:28
886 470 25.88 20.79 1.19 13:46:28
887 464 63.75 121.48 0.77 13:46:28
888 471 25.88 20.79 1.02 13:46:28
889 465 63.77 121.48 1.36 13:46:29
890 472 25.88 20.79 0.68 13:46:29
891 466 63.77 121.48 0.85 13:46:29
892 473 25.88 20.79 0.85 13:46:29
893 467 63.77 121.48 1.79 13:46:29
894 474 25.88 20.79 0.85 13:46:29
895 468 63.75 121.48 2.47 13:46:29
896 475 25.88 20.79 0.51 13:46:29
897 469 63.75 121.48 1.79 13:46:29
898 476 25.88 20.79 0.77 13:46:29
899 470 63.76 121.48 1.62 13:46:29
900 477 25.87 20.79 0.77 13:46:29
901 471 63.76 121.48 1.45 13:46:29
902 478 25.87 20.79 1.11 13:46:29
903 472 63.76 121.48 0.68 13:46:29
904 479 25.87 20.79 1.11 13:46:29
905 473 63.77 121.48 0.77 13:46:29
906 480 25.88 20.79 1.11 13:46:29
907 474 63.77 121.48 1.36 13:46:29
908 481 25.88 20.79 1.28 13:46:29
909 475 25.88 20.79 0.85 13:46:30
910 482 25.88 20.79 0.85 13:46:30
911 476 63.77 121.48 1.79 13:46:30
912 483 25.88 20.79 0.68 13:46:30
913 477 63.77 121.48 2.13 13:46:30
914 484 25.88 20.79 0.68 13:46:30
915 478 63.77 121.48 1.79 13:46:30
916 485 25.88 20.79 0.85 13:46:30
917 479 63.77 121.48 1.62 13:46:30
918 486 25.88 20.79 0.94 13:46:30
919 480 63.77 121.48 1.11 13:46:30
920 487 25.88 20.79 1.28 13:46:30
921 481 63.75 118.46 0.43 13:46:30
922 488 25.88 20.79 0.43 13:46:30
923 482 63.75 121.48 1.36 13:46:30
924 489 25.88 20.79 0.51 13:46:30
925 483 63.75 20.79 0.94 13:46:30
926 490 25.88 20.79 0.94 13:46:30
927 484 63.77 121.48 1.62 13:46:30
928 491 25.88 20.79 0.68 13:46:30
929 492 25.88 20.79 0.85 13:46:31
930 492 25.88 20.79 0.85 13:46:31
931 486 63.77 121.48 1.62 13:46:31
932 493 25.88 20.79 0.77 13:46:31
933 487 63.78 121.48 1.96 13:46:31
934 494 25.88 20.79 0.94 13:46:31
935 488 63.78 121.48 0.94 13:46:31
936 495 25.88 20.79 0.94 13:46:31
937 489 63.78 121.48 1.28 13:46:31
938 496 25.88 20.79 1.11 13:46:31
939 490 63.78 121.48 0.68 13:46:31
940 497 25.88 20.82 1.19 13:46:31
941 491 63.78 121.48 0.77 13:46:31
942 498 25.88 20.82 0.85 13:46:31
943 492 63.78 121.48 1.19 13:46:31
944 499 25.88 20.82 0.94 13:46:31
945 493 63.78 121.48 1.62 13:46:31
946 500 25.88 20.79 0.68 13:46:31
947 494 63.78 121.48 2.13 13:46:31
948 501 25.88 20.79 0.85 13:46:31
949 501 25.88 20.79 0.85 13:46:31
950 495 63.77 121.48 1.7 13:46:32
951 502 25.87 20.79 0.68 13:46:32
952 496 63.77 121.48 1.79 13:46:32
953 503 25.87 20.79 0.85 13:46:32
954 497 63.77 121.48 1.45 13:46:32
955 504 25.87 20.79 0.85 13:46:32
956 498 63.77 121.48 1.11 13:46:32
957 505 25.88 20.79 1.28 13:46:32
958 499 63.77 121.48 1.45 13:46:32
959 506 25.88 20.79 1.02 13:46:32
960 500 63.77 121.48 1.36 13:46:32
961 507 25.88 20.79 0.94 13:46:32
962 501 63.77 121.48 1.96 13:46:32
963 508 25.88 20.79 0.85 13:46:32
964 502 63.77 121.48 0.6 13:46:32
965 509 25.88 20.79 0.6 13:46:32
966 503 63.77 121.48 2.3 13:46:32
967 510 25.88 20.79 0.77 13:46:32
968 504 63.77 121.48 1.79 13:46:32
969 511 25.88 20.79 0.6 13:46:32
970 505 63.77 121.48 1.36 13:46:33
971 512 25.88 20.79 0.94 13:46:33
972 506 63.77 121.48 1.28 13:46:33
973 513 25.88 20.79 0.94 13:46:33
974 507 63.77 121.48 0.85 13:46:33
975 514 25.88 20.79 1.02 13:46:33
976 508 63.77 121.48 1.45 13:46:33
977 515 25.88 20.79 0.94 13:46:33
978 509 63.77 121.48 1.53 13:46:33
979 516 25.88 20.79 0.77 13:46:33
980 510 25.88 20.79 0.77 13:46:33
981 517 25.88 20.79 0.77 13:46:33
982 511 63.77 121.48 2.21 13:46:33
983 518 25.88 20.79 0.68 13:46:33
984 512 63.79 121.48 1.62 13:46:33
985 519 25.88 20.79 0.43 13:46:33
986 513 63.79 121.48 1.36 13:46:33
987 520 25.88 20.79 1.28 13:46:33
988 514 63.79 121.48 1.53 13:46:33
989 521 25.88 20.79 1.19 13:46:33
990 515 63.79 121.48 1.62 13:46:34
991 522 25.88 20.79 1.28 13:46:34
992 516 63.79 121.48 1.02 13:46:34
993 523 25.88 20.79 1.11 13:46:34
994 517 63.79 121.48 1.53 13:46:34
995 524 25.88 20.79 1.02 13:46:34
996 518 63.79 121.48 1.53 13:46:34
997 525 25.88 20.79 0.77 13:46:34
998 519 63.79 121.48 2.13 13:46:34
999 526 25.88 20.79 0.6 13:46:34
1000 520 63.77 121.48 2.38 13:46:34
1001 527 25.88 20.79 0.43 13:46:34
1002 521 63.77 20.79 1.02 13:46:34
1003 528 25.88 20.79 1.02 13:46:34
1004 522 63.77 121.48 1.87 13:46:34
1005 529 25.88 20.79 1.02 13:46:34
1006 523 63.78 121.48 1.36 13:46:34
1007 530 25.88 20.79 1.36 13:46:34
1008 524 63.78 121.48 0.85 13:46:34
1009 531 25.88 20.79 1.11 13:46:34
1010 525 63.78 121.48 1.45 13:46:35
1011 532 25.88 20.82 1.45 13:46:35
1012 526 63.77 121.48 1.53 13:46:35
1013 533 25.88 20.82 0.94 13:46:35
1014 527 63.77 121.48 1.36 13:46:35
1015 534 25.88 20.82 0.85 13:46:35
1016 528 25.88 20.79 1.19 13:46:35
1017 535 25.88 20.79 1.19 13:46:35
1018 529 63.77 118.46 0.77 13:46:35
1019 536 25.88 20.79 0.77 13:46:35
1020 530 63.77 121.48 1.62 13:46:35
1021 537 25.89 20.79 1.02 13:46:35
1022 531 63.77 20.79 1.11 13:46:35
1023 538 25.89 20.79 1.11 13:46:35
1024 532 63.77 121.48 0.77 13:46:35
1025 539 25.89 20.79 1.28 13:46:35
1026 533 63.77 121.48 0.68 13:46:35
1027 540 25.89 20.79 1.11 13:46:35
1028 534 63.78 121.48 1.36 13:46:35
1029 541 25.89 20.79 1.19 13:46:35
1030 535 63.78 121.48 1.87 13:46:36
1031 542 25.89 20.79 0.77 13:46:36
1032 536 63.78 121.48 1.7 13:46:36
1033 543 25.89 20.79 0.68 13:46:36
1034 537 63.79 121.48 2.13 13:46:36
1035 544 25.88 20.79 0.77 13:46:36
1036 538 63.79 121.48 1.62 13:46:36
1037 545 25.88 20.86 0.77 13:46:36
1038 539 63.78 121.48 1.62 13:46:36
1039 546 25.88 20.86 1.02 13:46:36
1040 540 25.9 20.86 1.11 13:46:36
1041 547 25.9 20.86 1.11 13:46:36
1042 541 63.78 121.48 0.68 13:46:36
1043 548 25.9 20.82 1.53 13:46:36
1044 542 63.79 121.48 1.36 13:46:36
1045 549 25.9 20.82 1.19 13:46:36
1046 543 63.79 121.48 0.94 13:46:36
1047 550 25.89 20.82 0.94 13:46:36
1048 544 63.79 121.48 1.7 13:46:36
1049 551 25.89 20.82 0.51 13:46:36
1050 545 63.78 121.48 1.45 13:46:37
1051 552 25.89 20.82 0.6 13:46:37
1052 546 63.78 121.48 2.21 13:46:37
1053 553 25.89 20.82 0.77 13:46:37
1054 547 63.78 121.48 1.62 13:46:37
1055 554 25.89 20.79 0.77 13:46:37
1056 548 63.77 121.48 1.45 13:46:37
1057 555 25.89 20.79 0.94 13:46:37
1058 549 63.77 121.48 1.19 13:46:37
1059 556 25.89 20.79 1.19 13:46:37
1060 550 63.79 121.48 0.51 13:46:37
1061 557 25.89 20.86 1.19 13:46:37
1062 551 63.79 121.48 0.6 13:46:37
1063 558 25.89 20.86 0.85 13:46:37
1064 552 63.79 121.48 1.19 13:46:37
1065 559 25.89 20.86 0.85 13:46:37
1066 553 63.78 121.48 1.7 13:46:37
1067 560 25.89 20.86 0.09 13:46:37
1068 554 63.78 121.48 2.3 13:46:37
1069 561 25.89 20.79 1.11 13:46:37
1070 555 63.78 121.48 1.79 13:46:38
1071 562 25.89 20.79 0.85 13:46:38
1072 556 63.78 121.48 1.79 13:46:38
1073 563 25.89 20.79 0.94 13:46:38
1074 557 63.78 121.48 1.45 13:46:38
1075 564 25.89 20.79 0.85 13:46:38
1076 558 63.78 121.48 0.94 13:46:38
1077 565 25.89 20.79 1.19 13:46:38
1078 559 63.79 121.48 1.36 13:46:38
1079 566 25.89 20.79 1.11 13:46:38
1080 560 63.79 121.48 1.53 13:46:38
1081 567 25.89 20.79 0.6 13:46:38
1082 561 63.79 121.48 1.53 13:46:38
1083 568 25.89 20.79 0.85 13:46:38
1084 562 63.79 121.48 2.21 13:46:38
1085 569 25.89 20.79 0.6 13:46:38
1086 563 63.79 121.48 2.21 13:46:38
1087 570 25.89 20.86 0.68 13:46:38
1088 564 63.79 121.48 1.28 13:46:38
1089 571 25.89 20.86 0.6 13:46:38
1090 565 63.79 121.48 1.7 13:46:39
1091 572 25.89 20.86 1.02 13:46:39
1092 566 63.79 121.48 1.45 13:46:39
1093 573 25.89 20.86 1.11 13:46:39
1094 567 63.79 121.48 0.77 13:46:39
1095 574 25.89 20.86 1.28 13:46:39
1096 568 63.79 121.48 1.28 13:46:39
1097 575 25.89 20.86 0.94 13:46:39
1098 569 63.79 121.48 1.62 13:46:39
1099 576 25.9 20.86 0.85 13:46:39
1100 570 63.8 121.48 1.45 13:46:39
1101 577 25.9 20.82 0.6 13:46:39
1102 571 63.8 121.48 2.13 13:46:39
1103 578 25.9 20.82 0.85 13:46:39
1104 572 63.8 121.48 1.53 13:46:39
1105 579 25.89 20.82 0.85 13:46:39
1106 573 63.79 121.48 1.45 13:46:39
1107 580 25.89 20.82 1.02 13:46:39
1108 574 63.79 121.48 1.45 13:46:39
1109 581 25.89 20.82 1.45 13:46:39
1110 575 63.8 121.48 0.77 13:46:40
1111 582 25.88 20.82 1.19 13:46:40
1112 576 63.8 121.48 0.34 13:46:40
1113 583 25.88 20.82 1.02 13:46:40
1114 577 63.8 121.48 1.36 13:46:40
1115 584 25.88 20.82 0.85 13:46:40
1116 578 63.8 121.48 1.28 13:46:40
1117 585 25.89 20.82 0.68 13:46:40
1118 579 63.8 121.48 2.13 13:46:40
1119 586 25.89 20.82 0.6 13:46:40
1120 580 63.8 121.48 2.47 13:46:40
1121 587 25.89 20.82 0.77 13:46:40
1122 581 63.8 121.48 1.7 13:46:40
1123 588 25.89 20.82 1.02 13:46:40
1124 582 63.8 121.48 1.62 13:46:40
1125 589 25.89 20.86 1.02 13:46:40
1126 583 64.29 20.86 1.19 13:46:40
1127 590 25.89 20.86 1.19 13:46:40
1128 584 63.8 121.48 0.85 13:46:40
1129 591 25.89 20.86 1.36 13:46:40
1130 585 63.8 121.48 1.79 13:46:41
1131 592 25.89 20.86 1.02 13:46:41
1132 586 63.79 121.48 1.53 13:46:41
1133 593 25.89 20.82 0.77 13:46:41
1134 587 63.79 121.48 1.62 13:46:41
1135 594 25.89 20.82 0.85 13:46:41
1136 588 63.79 121.48 2.21 13:46:41
1137 595 25.89 20.82 0.68 13:46:41
1138 589 63.8 121.48 1.62 13:46:41
1139 596 25.89 20.86 0.77 13:46:41
1140 590 63.8 121.48 1.7 13:46:41
1141 597 25.89 20.86 0.85 13:46:41
1142 598 25.9 20.86 0.85 13:46:41
1143 598 25.9 20.86 0.85 13:46:41
1144 592 63.8 121.48 0.77 13:46:41
1145 599 25.9 20.86 1.19 13:46:41
1146 593 25.9 20.86 1.11 13:46:41
1147 600 25.9 20.86 1.11 13:46:41
1148 594 63.8 121.48 1.28 13:46:41
1149 601 25.9 20.86 1.28 13:46:41
1150 595 63.79 121.48 1.36 13:46:42
1151 602 25.9 20.86 0.77 13:46:42
1152 596 63.79 118.51 0.51 13:46:42
1153 603 25.9 20.86 0.51 13:46:42
1154 597 63.79 121.48 1.96 13:46:42
1155 604 25.9 20.86 0.51 13:46:42
1156 598 63.81 121.48 1.45 13:46:42
1157 605 25.9 20.86 0.68 13:46:42
1158 599 63.81 121.48 1.19 13:46:42
1159 606 25.9 20.86 0.85 13:46:42
1160 600 63.79 121.48 1.28 13:46:42
1161 607 25.9 20.86 1.02 13:46:42
1162 601 63.79 121.48 0.34 13:46:42
1163 608 25.9 20.86 1.02 13:46:42
1164 602 63.79 121.48 1.19 13:46:42
1165 609 25.9 20.82 0.94 13:46:42
1166 603 63.81 121.48 1.02 13:46:42
1167 610 25.9 20.82 0.77 13:46:42
1168 604 63.81 121.48 1.28 13:46:42
1169 611 25.9 20.82 0.34 13:46:42
1170 605 25.9 20.79 0.6 13:46:43
1171 612 25.9 20.79 0.6 13:46:43
1172 613 25.9 20.79 0.6 13:46:43
1173 613 25.9 20.79 0.6 13:46:43
1174 607 63.81 121.48 1.02 13:46:43
1175 614 25.9 20.79 0.94 13:46:43
1176 608 63.81 121.48 1.36 13:46:43
1177 615 25.9 20.86 1.02 13:46:43
1178 609 63.81 121.48 1.02 13:46:43
1179 616 25.9 20.86 1.11 13:46:43
1180 610 63.81 121.48 0.34 13:46:43
1181 617 25.9 20.86 0.85 13:46:43
1182 611 63.81 121.48 1.28 13:46:43
1183 618 25.89 20.86 0.68 13:46:43
1184 612 63.81 20.86 0.6 13:46:43
1185 619 25.89 20.86 0.6 13:46:43
1186 613 63.81 121.48 1.45 13:46:43
1187 620 25.89 20.86 0.34 13:46:43
1188 614 63.82 121.48 1.96 13:46:43
1189 621 25.9 20.86 0.6 13:46:43
1190 615 63.82 121.48 1.28 13:46:44
1191 622 25.9 20.86 0.68 13:46:44
1192 616 63.82 121.48 1.36 13:46:44
1193 623 25.9 20.86 0.51 13:46:44
1194 617 63.82 121.48 0.94 13:46:44
1195 624 25.9 20.86 0.94 13:46:44
1196 618 63.82 121.48 0.43 13:46:44
1197 625 25.9 20.82 0.85 13:46:44
1198 619 63.82 121.48 0.94 13:46:44
1199 626 25.9 20.82 0.85 13:46:44
1200 620 63.81 121.48 0.94 13:46:44
1201 620 63.81 121.48 0.94 13:46:44
1202 627 25.9 20.82 0.68 13:46:44
1203 621 63.81 121.48 1.36 13:46:44
1204 628 25.9 20.86 0.6 13:46:44
1205 622 63.8 121.48 1.7 13:46:44
1206 629 25.9 20.86 0.51 13:46:44
1207 623 63.8 121.48 2.04 13:46:44
1208 630 25.91 20.86 0.6 13:46:44
1209 624 63.8 121.48 1.45 13:46:44
1210 631 25.91 20.86 0.6 13:46:44
1211 625 63.81 121.48 1.36 13:46:45
1212 632 25.91 20.86 0.85 13:46:45
1213 626 63.81 121.48 1.02 13:46:45
1214 633 25.91 20.86 1.11 13:46:45
1215 627 64.3 20.86 0.85 13:46:45
1216 634 25.9 20.86 0.85 13:46:45
1217 628 63.82 121.48 1.11 13:46:45
1218 635 25.9 20.86 1.02 13:46:45
1219 629 63.82 121.48 1.28 13:46:45
1220 636 25.9 20.86 0.85 13:46:45
1221 630 63.82 121.48 1.19 13:46:45
1222 637 25.9 20.86 0.68 13:46:45
1223 631 63.81 121.48 1.96 13:46:45
1224 638 25.9 20.86 0.85 13:46:45
1225 632 63.81 121.48 1.36 13:46:45
1226 639 25.9 20.86 0.68 13:46:45
1227 633 63.81 20.86 0.77 13:46:45
1228 640 25.9 20.86 0.77 13:46:45
1229 634 63.81 121.48 1.28 13:46:45
1230 641 25.9 20.86 1.36 13:46:45
1231 635 63.81 121.48 0.26 13:46:46
1232 642 25.9 20.86 1.19 13:46:46
1233 636 63.82 121.48 0.68 13:46:46
1234 643 25.9 20.86 1.02 13:46:46
1235 637 63.82 121.48 1.02 13:46:46
1236 644 25.9 20.86 0.94 13:46:46
1237 638 25.9 20.86 0.77 13:46:46
1238 645 25.9 20.86 0.77 13:46:46
1239 639 63.83 121.48 1.7 13:46:46
1240 646 25.89 20.86 0.34 13:46:46
1241 640 63.83 121.48 2.21 13:46:46
1242 647 25.89 20.86 0.77 13:46:46
1243 641 63.83 121.48 1.62 13:46:46
1244 648 25.89 20.86 0.94 13:46:46
1245 642 63.82 121.48 1.28 13:46:46
1246 649 25.89 20.86 0.94 13:46:46
1247 643 63.82 121.48 1.19 13:46:46
1248 650 25.9 20.86 1.19 13:46:46
1249 644 63.82 121.48 0.77 13:46:46
1250 651 25.9 20.86 1.11 13:46:46
1251 645 63.82 121.48 1.36 13:46:47
1252 652 25.9 20.86 1.53 13:46:47
1253 646 63.82 121.48 1.36 13:46:47
1254 653 25.91 20.79 0.94 13:46:47
1255 647 63.83 121.48 1.36 13:46:47
1256 654 25.91 20.79 1.02 13:46:47
1257 655 25.91 20.79 0.68 13:46:47
1258 655 25.91 20.79 0.68 13:46:47
1259 649 63.83 118.46 0.77 13:46:47
1260 656 25.91 20.79 0.77 13:46:47
1261 650 63.83 121.48 1.45 13:46:47
1262 657 25.91 20.79 1.02 13:46:47
1263 651 63.83 121.48 1.36 13:46:47
1264 658 25.91 20.79 1.02 13:46:47
1265 652 63.83 121.48 1.02 13:46:47
1266 659 25.9 20.79 1.28 13:46:47
1267 653 63.83 121.48 0.43 13:46:47
1268 660 25.9 20.75 1.19 13:46:47
1269 654 63.83 121.48 1.28 13:46:47
1270 661 25.9 20.75 1.53 13:46:47
1271 655 63.83 121.48 1.19 13:46:48
1272 662 25.9 20.75 0.94 13:46:48
1273 656 63.83 121.48 1.62 13:46:48
1274 663 25.9 20.75 0.68 13:46:48
1275 657 63.83 121.48 2.04 13:46:48
1276 664 25.9 20.75 0.77 13:46:48
1277 658 63.82 121.48 1.53 13:46:48
1278 665 25.9 20.75 0.68 13:46:48
1279 659 63.82 121.48 1.45 13:46:48
1280 666 25.91 20.72 1.02 13:46:48
1281 660 25.91 20.72 1.11 13:46:48
1282 667 25.91 20.72 1.11 13:46:48
1283 661 63.83 121.48 0.77 13:46:48
1284 668 25.91 20.72 1.11 13:46:48
1285 662 63.83 121.48 0.68 13:46:48
1286 669 25.91 20.72 1.28 13:46:48
1287 663 63.83 121.48 1.28 13:46:48
1288 670 25.91 20.72 0.94 13:46:48
1289 664 63.82 121.48 1.36 13:46:48
1290 671 25.91 20.72 0.34 13:46:48
1291 665 63.82 121.48 2.21 13:46:49
1292 672 25.9 20.72 0.6 13:46:49
1293 666 63.82 121.48 2.04 13:46:49
1294 673 25.9 20.72 0.6 13:46:49
1295 667 63.83 20.72 0.94 13:46:49
1296 674 25.9 20.72 0.94 13:46:49
1297 668 63.83 121.48 1.02 13:46:49
1298 675 25.89 20.72 1.02 13:46:49
1299 669 63.83 121.48 1.02 13:46:49
1300 676 25.89 20.68 0.94 13:46:49
1301 670 63.83 121.48 0.34 13:46:49
1302 677 25.89 20.68 1.11 13:46:49
1303 671 63.83 121.48 0.77 13:46:49
1304 678 25.9 20.68 0.77 13:46:49
1305 672 63.82 121.48 1.28 13:46:49
1306 679 25.9 20.68 0.77 13:46:49
1307 673 63.82 121.48 1.36 13:46:49
1308 680 25.9 20.68 0.68 13:46:49
1309 674 63.82 121.48 1.96 13:46:49
1310 681 25.9 20.68 0.85 13:46:49
1311 675 63.82 121.48 0.77 13:46:50
1312 682 25.9 20.65 0.77 13:46:50
1313 676 63.82 121.48 1.28 13:46:50
1314 683 25.9 20.65 0.77 13:46:50
1315 677 63.82 121.48 1.19 13:46:50
1316 684 25.9 20.65 0.94 13:46:50
1317 678 63.82 121.48 1.11 13:46:50
1318 685 25.9 20.65 1.11 13:46:50
1319 679 63.82 121.48 0.68 13:46:50
1320 686 25.9 20.65 1.11 13:46:50
1321 680 63.81 121.48 0.77 13:46:50
1322 687 25.9 20.65 0.85 13:46:50
1323 681 63.81 121.48 1.11 13:46:50
1324 688 25.91 20.65 0.85 13:46:50
1325 682 63.81 20.65 0.51 13:46:50
1326 689 25.91 20.65 0.51 13:46:50
1327 683 63.8 121.48 2.04 13:46:50
1328 690 25.91 20.65 0.51 13:46:50
1329 684 63.8 121.48 1.36 13:46:50
1330 691 25.91 20.65 0.77 13:46:50
1331 685 63.8 121.48 1.45 13:46:51
1332 692 25.91 20.58 1.02 13:46:51
1333 686 63.8 121.48 1.02 13:46:51
1334 693 25.91 20.58 1.11 13:46:51
1335 687 63.8 121.48 0.68 13:46:51
1336 694 25.91 20.58 1.28 13:46:51
1337 688 63.8 121.48 0.94 13:46:51
1338 695 25.91 20.61 0.68 13:46:51
1339 689 63.81 121.48 1.53 13:46:51
1340 696 25.91 20.61 0.68 13:46:51
1341 690 63.81 121.48 1.19 13:46:51
1342 697 25.91 20.61 0.77 13:46:51
1343 691 63.81 121.48 1.79 13:46:51
1344 698 25.91 20.58 0.43 13:46:51
1345 692 63.81 118.31 0.77 13:46:51
1346 699 25.91 20.58 0.77 13:46:51
1347 693 63.81 121.48 1.45 13:46:51
1348 700 25.91 20.58 0.51 13:46:51
1349 694 63.81 121.48 1.19 13:46:51
1350 701 25.92 20.58 1.28 13:46:51
1351 695 63.81 121.48 0.09 13:46:52
1352 702 25.92 20.58 0.85 13:46:52
1353 696 63.81 121.48 0.26 13:46:52
1354 703 25.92 20.58 1.45 13:46:52
1355 704 25.92 20.58 0.94 13:46:52
1356 704 25.92 20.58 0.94 13:46:52
1357 698 63.79 121.48 1.28 13:46:52
1358 705 25.92 20.58 0.94 13:46:52
1359 699 63.79 121.48 1.45 13:46:52
1360 706 25.92 20.58 0.77 13:46:52
1361 700 63.8 121.48 2.04 13:46:52
1362 707 25.92 20.58 0.68 13:46:52
1363 701 63.8 121.48 1.36 13:46:52
1364 708 25.92 20.55 0.68 13:46:52
1365 702 63.78 121.48 1.36 13:46:52
1366 709 25.92 20.55 0.94 13:46:52
1367 703 63.78 121.48 1.11 13:46:52
1368 710 25.92 20.55 1.19 13:46:52
1369 704 63.78 121.48 0.26 13:46:52
1370 711 25.92 20.51 1.02 13:46:52
1371 705 63.8 121.48 0.6 13:46:53
1372 712 25.92 20.51 1.02 13:46:53
1373 706 63.8 121.48 1.02 13:46:53
1374 713 25.92 20.51 0.85 13:46:53
1375 707 63.8 121.48 1.28 13:46:53
1376 714 25.92 20.51 0.68 13:46:53
1377 708 63.79 121.48 0.85 13:46:53
1378 715 25.92 20.51 0.68 13:46:53
1379 709 63.79 121.48 1.62 13:46:53
1380 716 25.92 20.51 0.68 13:46:53
1381 710 63.79 121.48 1.28 13:46:53
1382 717 25.91 20.51 0.85 13:46:53
1383 711 63.8 121.48 1.28 13:46:53
1384 718 25.91 20.51 1.19 13:46:53
1385 712 63.8 20.51 1.11 13:46:53
1386 719 25.91 20.51 1.11 13:46:53
1387 713 63.8 20.51 1.19 13:46:53
1388 720 25.92 20.51 1.19 13:46:53
1389 714 63.8 121.48 1.11 13:46:53
1390 721 25.92 20.51 0.85 13:46:53
1391 715 63.8 121.48 0.85 13:46:54
1392 722 25.92 20.51 0.94 13:46:54
1393 716 63.81 121.48 1.28 13:46:54
1394 723 25.92 20.51 0.68 13:46:54
1395 717 63.81 121.48 1.96 13:46:54
1396 724 25.92 20.51 0.85 13:46:54
1397 718 63.81 121.48 1.36 13:46:54
1398 725 25.92 20.51 1.02 13:46:54
1399 719 63.8 121.48 1.36 13:46:54
1400 726 25.92 20.51 1.11 13:46:54
1401 720 63.8 20.51 1.11 13:46:54
1402 727 25.92 20.51 1.11 13:46:54
1403 721 63.8 121.48 0.43 13:46:54
1404 728 25.92 20.51 1.02 13:46:54
1405 722 63.8 121.48 1.02 13:46:54
1406 729 25.92 20.51 1.02 13:46:54
1407 723 25.92 20.48 0.68 13:46:54
1408 730 25.92 20.48 0.68 13:46:54
1409 724 63.8 121.48 1.36 13:46:54
1410 731 25.92 20.48 0.77 13:46:54
1411 725 63.81 118.24 0.68 13:46:55
1412 732 25.92 20.48 0.68 13:46:55
1413 726 63.81 20.48 0.77 13:46:55
1414 733 25.92 20.48 0.77 13:46:55
1415 727 63.81 121.48 1.02 13:46:55
1416 734 25.92 20.48 0.94 13:46:55
1417 728 63.81 121.48 1.45 13:46:55
1418 735 25.92 20.48 1.19 13:46:55
1419 729 63.81 121.48 0.77 13:46:55
1420 736 25.92 20.48 1.53 13:46:55
1421 730 63.81 121.48 0.09 13:46:55
1422 737 25.92 20.51 0.85 13:46:55
1423 731 64.32 20.51 1.11 13:46:55
1424 738 25.92 20.51 1.11 13:46:55
1425 732 63.81 121.48 0.94 13:46:55
1426 739 25.92 20.51 1.02 13:46:55
1427 733 63.81 121.48 1.45 13:46:55
1428 740 25.92 20.44 0.68 13:46:55
1429 734 63.81 121.48 1.45 13:46:55
1430 741 25.92 20.44 0.68 13:46:55
1431 735 63.81 121.48 1.45 13:46:56
1432 742 25.91 20.44 0.85 13:46:56
1433 736 63.81 121.48 1.02 13:46:56
1434 743 25.91 20.51 1.02 13:46:56
1435 737 63.81 121.48 1.19 13:46:56
1436 744 25.91 20.51 1.11 13:46:56
1437 738 63.8 121.48 0.6 13:46:56
1438 745 25.91 20.51 0.85 13:46:56
1439 739 63.8 121.48 1.11 13:46:56
1440 746 25.92 20.51 0.94 13:46:56
1441 740 63.8 121.48 1.11 13:46:56
1442 747 25.92 20.51 0.94 13:46:56
1443 741 63.81 121.48 1.36 13:46:56
1444 748 25.92 20.51 0.77 13:46:56
1445 742 63.81 121.48 2.21 13:46:56
1446 749 25.92 20.44 0.68 13:46:56
1447 743 63.81 121.48 2.13 13:46:56
1448 750 25.92 20.44 0.77 13:46:56
1449 744 63.81 20.44 0.94 13:46:56
1450 751 25.92 20.44 0.94 13:46:56
1451 745 63.81 121.48 1.19 13:46:57
1452 752 25.92 20.44 1.02 13:46:57
1453 746 63.81 121.48 0.94 13:46:57
1454 753 25.92 20.44 1.19 13:46:57
1455 747 63.83 121.48 0.26 13:46:57
1456 754 25.92 20.44 1.11 13:46:57
1457 748 63.83 121.48 1.02 13:46:57
1458 755 25.93 20.44 1.19 13:46:57
1459 749 63.81 121.48 1.36 13:46:57
1460 756 25.93 20.44 0.85 13:46:57
1461 750 63.81 121.48 1.02 13:46:57
1462 757 25.93 20.44 0.6 13:46:57
1463 751 64.33 20.44 0.68 13:46:57
1464 758 25.93 20.44 0.68 13:46:57
1465 752 63.83 121.48 1.36 13:46:57
1466 759 25.93 20.44 0.85 13:46:57
1467 753 63.83 121.48 1.19 13:46:57
1468 760 25.93 20.44 1.19 13:46:57
1469 754 63.83 121.48 1.19 13:46:57
1470 761 25.93 20.44 1.19 13:46:57
1471 755 63.83 121.48 0.6 13:46:58
1472 762 25.92 20.44 1.02 13:46:58
1473 756 63.83 121.48 1.02 13:46:58
1474 763 25.92 20.44 1.11 13:46:58
1475 757 63.83 121.48 1.19 13:46:58
1476 764 25.92 20.44 0.94 13:46:58
1477 758 63.83 121.48 1.36 13:46:58
1478 765 25.92 20.44 0.94 13:46:58
1479 759 63.83 121.48 2.13 13:46:58
1480 766 25.92 20.44 0.51 13:46:58
1481 760 63.83 121.48 2.04 13:46:58
1482 767 25.92 20.44 0.77 13:46:58
1483 761 63.83 121.48 1.45 13:46:58
1484 768 25.93 20.44 0.77 13:46:58
1485 762 63.83 121.48 1.36 13:46:58
1486 769 25.93 20.44 0.85 13:46:58
1487 763 63.83 121.48 1.11 13:46:58
1488 770 25.93 20.44 1.28 13:46:58
1489 764 63.83 121.48 0.6 13:46:58
1490 771 25.94 20.44 1.02 13:46:58
1491 765 63.83 121.48 1.11 13:46:59
1492 772 25.94 20.44 1.11 13:46:59
1493 766 63.84 121.48 1.45 13:46:59
1494 773 25.94 20.44 0.77 13:46:59
1495 767 63.84 121.48 1.28 13:46:59
1496 774 25.93 20.44 0.6 13:46:59
1497 768 63.84 118.22 0.77 13:46:59
1498 775 25.93 20.44 0.77 13:46:59
1499 769 63.85 121.48 1.62 13:46:59
1500 776 25.93 20.44 0.77 13:46:59
1501 770 63.85 121.48 1.36 13:46:59
1502 777 25.93 20.44 1.02 13:46:59
1503 771 63.85 121.48 1.28 13:46:59
1504 778 25.93 20.44 1.28 13:46:59
1505 772 63.84 121.48 0.34 13:46:59
1506 779 25.93 20.44 1.11 13:46:59
1507 773 63.84 121.48 1.02 13:46:59
1508 780 25.93 20.44 1.11 13:46:59
1509 774 63.85 121.48 0.85 13:46:59
1510 781 25.93 20.44 0.85 13:46:59
1511 775 63.85 121.48 1.28 13:47:0
1512 782 25.93 20.44 0.94 13:47:0
1513 776 63.85 121.48 2.13 13:47:0
1514 783 25.93 20.44 0.77 13:47:0
1515 777 25.94 20.44 0.85 13:47:0
1516 784 25.94 20.44 0.85 13:47:0
1517 778 63.85 121.48 1.53 13:47:0
1518 785 25.94 20.44 1.11 13:47:0
1519 779 63.85 121.48 1.28 13:47:0
1520 786 25.94 20.44 0.94 13:47:0
1521 780 63.85 121.48 0.94 13:47:0
1522 787 25.93 20.44 1.19 13:47:0
1523 781 63.85 121.48 0.77 13:47:0
1524 788 25.93 20.44 1.11 13:47:0
1525 782 63.85 121.48 1.28 13:47:0
1526 789 25.93 20.44 0.94 13:47:0
1527 783 63.85 121.48 1.02 13:47:0
1528 790 25.93 20.44 1.02 13:47:0
1529 784 63.85 121.48 1.36 13:47:0
1530 791 25.93 20.44 0.51 13:47:0
1531 785 63.83 121.48 1.36 13:47:1
1532 792 25.93 20.44 0.85 13:47:1
1533 786 63.83 121.48 1.45 13:47:1
1534 793 25.93 20.44 1.02 13:47:1
1535 787 63.83 20.44 0.85 13:47:1
1536 794 25.94 20.44 0.85 13:47:1
1537 795 25.94 20.44 1.19 13:47:1
1538 795 25.94 20.44 1.19 13:47:1
1539 789 63.85 121.48 0.6 13:47:1
1540 796 25.94 20.44 1.11 13:47:1
1541 790 63.85 121.48 1.36 13:47:1
1542 797 25.93 20.44 0.85 13:47:1
1543 791 63.85 121.48 1.19 13:47:1
1544 798 25.93 20.44 1.02 13:47:1
1545 792 63.85 121.48 1.36 13:47:1
1546 799 25.93 20.44 0.77 13:47:1
1547 793 63.85 121.48 2.04 13:47:1
1548 800 25.93 20.44 0.77 13:47:1
1549 794 63.83 121.48 2.21 13:47:1
1550 801 25.93 20.44 0.77 13:47:1
1551 795 63.83 121.48 1.45 13:47:2
1552 802 25.93 20.44 0.85 13:47:2
1553 796 63.83 121.48 1.19 13:47:2
1554 803 25.93 20.44 1.11 13:47:2
1555 797 63.83 121.48 1.19 13:47:2
1556 804 25.93 20.44 1.19 13:47:2
1557 798 63.83 121.48 1.02 13:47:2
1558 805 25.93 20.44 0.68 13:47:2
1559 799 63.83 121.48 1.19 13:47:2
1560 806 25.94 20.44 0.85 13:47:2
1561 800 63.83 121.48 1.28 13:47:2
1562 807 25.94 20.48 0.68 13:47:2
1563 801 63.83 121.48 1.28 13:47:2
1564 808 25.94 20.48 0.85 13:47:2
1565 802 63.83 121.48 1.79 13:47:2
1566 809 25.94 20.48 0.68 13:47:2
1567 803 63.83 121.48 1.53 13:47:2
1568 810 25.94 20.51 1.02 13:47:2
1569 804 63.83 121.48 1.28 13:47:2
1570 811 25.94 20.51 1.02 13:47:2
1571 805 63.84 121.48 1.19 13:47:3
1572 812 25.94 20.51 1.11 13:47:3
1573 806 63.84 121.48 0.6 13:47:3
1574 813 25.95 20.51 0.94 13:47:3
1575 807 63.84 121.48 1.02 13:47:3
1576 814 25.95 20.51 1.02 13:47:3
1577 808 63.83 121.48 1.36 13:47:3
1578 815 25.95 20.51 0.94 13:47:3
1579 809 63.83 121.48 0.77 13:47:3
1580 816 25.94 20.51 0.77 13:47:3
1581 810 64.34 20.51 0.77 13:47:3
1582 817 25.94 20.51 0.77 13:47:3
1583 811 63.84 121.48 2.04 13:47:3
1584 818 25.94 20.51 0.94 13:47:3
1585 812 63.84 121.48 1.36 13:47:3
1586 819 25.94 20.51 0.94 13:47:3
1587 813 63.84 121.48 1.28 13:47:3
1588 820 25.94 20.51 1.02 13:47:3
1589 814 63.84 118.27 1.11 13:47:3
1590 821 25.94 20.51 1.11 13:47:3
1591 822 25.92 20.51 1.19 13:47:4
1592 822 25.92 20.51 1.19 13:47:4
1593 816 63.85 121.48 0.94 13:47:4
1594 823 25.92 20.51 0.94 13:47:4
1595 817 63.85 121.48 1.19 13:47:4
1596 824 25.92 20.51 0.85 13:47:4
1597 818 63.85 121.48 1.28 13:47:4
1598 825 25.92 20.51 0.68 13:47:4
1599 819 63.83 121.48 1.45 13:47:4
1600 826 25.93 20.51 0.68 13:47:4
1601 820 63.83 121.48 1.45 13:47:4
1602 827 25.93 20.51 1.02 13:47:4
1603 821 63.85 121.48 1.45 13:47:4
1604 828 25.93 20.51 0.94 13:47:4
1605 822 63.85 121.48 0.94 13:47:4
1606 829 25.94 20.51 1.36 13:47:4
1607 823 63.85 121.48 0.6 13:47:4
1608 830 25.94 20.51 1.11 13:47:4
1609 824 63.84 121.48 1.02 13:47:4
1610 831 25.94 20.51 1.02 13:47:4
1611 825 63.84 121.48 1.19 13:47:5
1612 832 25.94 20.51 0.94 13:47:5
1613 826 63.84 121.48 1.36 13:47:5
1614 833 25.94 20.55 0.77 13:47:5
1615 827 63.84 121.48 2.04 13:47:5
1616 834 25.94 20.55 0.77 13:47:5
1617 828 63.84 121.48 2.04 13:47:5
1618 835 25.94 20.55 0.68 13:47:5
1619 829 63.84 121.48 1.36 13:47:5
1620 836 25.94 20.51 0.85 13:47:5
1621 830 63.85 121.48 1.28 13:47:5
1622 837 25.94 20.51 1.28 13:47:5
1623 831 63.85 121.48 0.94 13:47:5
1624 838 25.94 20.51 1.28 13:47:5
1625 832 63.85 121.48 0.34 13:47:5
1626 839 25.94 20.51 1.02 13:47:5
1627 833 63.85 121.48 1.02 13:47:5
1628 840 25.94 20.51 0.77 13:47:5
1629 834 63.85 121.48 1.45 13:47:5
1630 841 25.94 20.51 0.85 13:47:5
1631 835 63.84 20.51 0.6 13:47:6
1632 842 25.94 20.51 0.6 13:47:6
1633 836 63.84 121.48 1.87 13:47:6
1634 843 25.94 20.51 0.68 13:47:6
1635 837 63.84 121.48 1.28 13:47:6
1636 844 25.94 20.51 0.77 13:47:6
1637 838 63.84 121.48 1.19 13:47:6
1638 845 25.94 20.58 1.45 13:47:6
1639 839 63.84 121.48 1.02 13:47:6
1640 846 25.94 20.58 1.19 13:47:6
1641 840 63.84 121.48 0.6 13:47:6
1642 847 25.94 20.58 1.11 13:47:6
1643 841 63.84 121.48 0.34 13:47:6
1644 848 25.94 20.58 1.02 13:47:6
1645 842 63.84 121.48 1.28 13:47:6
1646 849 25.94 20.58 0.94 13:47:6
1647 843 63.84 121.48 1.36 13:47:6
1648 850 25.94 20.58 0.68 13:47:6
1649 844 63.85 121.48 2.47 13:47:6
1650 851 25.94 20.58 0.77 13:47:6
1651 845 63.85 121.48 2.04 13:47:7
1652 852 25.94 20.58 0.68 13:47:7
1653 846 63.84 121.48 1.45 13:47:7
1654 853 25.94 20.58 0.85 13:47:7
1655 847 63.84 121.48 0.94 13:47:7
1656 854 25.94 20.58 1.28 13:47:7
1657 848 63.84 20.55 1.28 13:47:7
1658 855 25.94 20.55 1.28 13:47:7
1659 849 63.85 121.48 0.51 13:47:7
1660 856 25.94 20.55 1.02 13:47:7
1661 850 63.85 121.48 1.02 13:47:7
1662 857 25.94 20.55 1.02 13:47:7
1663 851 63.85 121.48 1.11 13:47:7
1664 858 25.94 20.58 0.51 13:47:7
1665 852 63.84 20.58 1.02 13:47:7
1666 859 25.94 20.58 1.02 13:47:7
1667 853 63.84 20.58 0.85 13:47:7
1668 860 25.94 20.58 0.85 13:47:7
1669 854 63.84 121.48 0.43 13:47:7
1670 861 25.94 20.58 0.43 13:47:7
1671 855 63.85 121.48 1.45 13:47:8
1672 862 25.94 20.58 1.02 13:47:8
1673 856 63.85 121.48 0.77 13:47:8
1674 863 25.94 20.58 1.11 13:47:8
1675 26388 66.86 17.24 1.11 14:7:36
1676 864 25.94 20.58 1.11 13:47:8
1677 858 63.84 121.48 1.02 13:47:8
1678 865 25.94 20.58 1.02 13:47:8
1679 859 63.84 121.48 1.02 13:47:8
1680 866 25.94 20.58 0.85 13:47:8
1681 860 63.85 121.48 1.36 13:47:8
1682 867 25.95 20.58 0.68 13:47:8
1683 861 63.85 121.48 1.79 13:47:8
1684 868 25.95 20.58 0.77 13:47:8
1685 862 63.85 121.48 2.04 13:47:8
1686 869 25.95 20.58 0.85 13:47:8
1687 863 63.84 121.48 1.53 13:47:8
1688 870 25.95 20.58 0.85 13:47:8
1689 864 63.84 121.48 1.28 13:47:8
1690 871 25.95 20.58 0.85 13:47:8
1691 865 63.84 121.48 0.51 13:47:9
1692 872 25.95 20.58 1.28 13:47:9
1693 866 63.85 121.48 0.34 13:47:9
1694 873 25.95 20.58 1.28 13:47:9
1695 867 63.85 121.48 1.19 13:47:9
1696 874 25.94 20.58 0.6 13:47:9
1697 868 63.84 121.48 1.19 13:47:9
1698 875 25.94 20.58 0.94 13:47:9
1699 869 63.84 121.48 1.45 13:47:9
1700 876 25.94 20.58 0.51 13:47:9
1701 870 63.84 121.48 1.96 13:47:9
1702 877 25.94 20.58 0.43 13:47:9
1703 871 63.84 121.48 1.36 13:47:9
1704 878 25.94 20.58 0.85 13:47:9
1705 872 63.84 121.48 1.53 13:47:9
1706 879 25.94 20.58 0.68 13:47:9
1707 873 63.84 121.48 1.11 13:47:9
1708 880 25.93 20.58 1.02 13:47:9
1709 874 63.83 121.48 0.6 13:47:9
1710 881 25.93 20.58 0.85 13:47:9
1711 875 63.83 121.48 0.6 13:47:10
1712 882 25.93 20.58 0.77 13:47:10
1713 876 63.83 20.58 0.77 13:47:10
1714 883 25.93 20.58 0.77 13:47:10
1715 877 63.85 121.48 1.36 13:47:10
1716 884 25.93 20.58 0.77 13:47:10
1717 878 63.85 121.48 0.77 13:47:10
1718 885 25.93 20.58 0.77 13:47:10
1719 879 63.83 121.48 1.62 13:47:10
1720 886 25.94 20.58 0.85 13:47:10
1721 880 63.83 121.48 1.45 13:47:10
1722 887 25.94 20.58 1.02 13:47:10
1723 881 63.83 20.58 1.11 13:47:10
1724 888 25.94 20.58 1.11 13:47:10
1725 882 63.83 121.48 0.85 13:47:10
1726 889 25.94 20.58 1.11 13:47:10
1727 883 63.83 121.48 0.43 13:47:10
1728 890 25.93 20.58 1.11 13:47:10
1729 884 63.83 121.48 1.36 13:47:10
1730 891 25.93 20.58 0.68 13:47:10
1731 885 63.85 121.48 1.36 13:47:11
1732 892 25.93 20.58 0.68 13:47:11
1733 886 63.85 121.48 1.62 13:47:11
1734 893 25.95 20.58 0.6 13:47:11
1735 887 25.95 20.58 0.68 13:47:11
1736 894 25.95 20.58 0.68 13:47:11
1737 888 63.84 121.48 1.45 13:47:11
1738 895 25.95 20.58 1.11 13:47:11
1739 889 63.84 121.48 1.36 13:47:11
1740 896 25.95 20.58 1.02 13:47:11
1741 890 63.84 121.48 1.28 13:47:11
1742 891 63.85 121.48 0.51 13:47:11
1743 898 25.95 20.58 1.19 13:47:11
1744 892 63.85 20.58 1.19 13:47:11
1745 899 25.94 20.58 1.19 13:47:11
1746 893 63.86 121.48 1.11 13:47:11
1747 900 25.94 20.58 0.68 13:47:11
1748 894 63.86 121.48 1.45 13:47:11
1749 901 25.94 20.58 0.51 13:47:11
1750 895 63.86 121.48 1.79 13:47:12
1751 902 25.95 20.58 0.77 13:47:12
1752 896 63.83 121.48 1.53 13:47:12
1753 903 25.95 20.58 0.85 13:47:12
1754 904 25.95 20.58 0.94 13:47:12
1755 904 25.95 20.58 0.94 13:47:12
1756 898 63.83 121.48 1.19 13:47:12
1757 905 25.95 20.58 1.11 13:47:12
1758 899 63.84 20.58 1.11 13:47:12
1759 906 25.96 20.58 1.11 13:47:12
1760 900 63.84 121.48 0.09 13:47:12
1761 907 25.96 20.58 1.02 13:47:12
1762 901 63.84 121.48 1.19 13:47:12
1763 908 25.96 20.58 0.85 13:47:12
1764 902 63.85 121.48 1.19 13:47:12
1765 909 25.96 20.58 0.43 13:47:12
1766 903 63.85 121.48 1.7 13:47:12
1767 910 25.96 20.58 0.6 13:47:12
1768 904 63.85 121.48 2.13 13:47:12
1769 911 25.96 20.58 0.51 13:47:12
1770 905 63.85 121.48 1.45 13:47:13
1771 912 25.96 20.58 0.85 13:47:13
1772 906 25.96 20.58 1.19 13:47:13
1773 913 25.96 20.58 1.19 13:47:13
1774 907 63.85 121.48 1.02 13:47:13
1775 914 25.96 20.58 1.19 13:47:13
1776 908 63.85 121.48 1.19 13:47:13
1777 915 25.95 20.58 1.11 13:47:13
1778 909 63.85 121.48 0.43 13:47:13
1779 916 25.95 20.58 0.94 13:47:13
1780 910 63.85 121.48 1.19 13:47:13
1781 917 25.95 20.58 0.77 13:47:13
1782 911 63.85 121.48 1.36 13:47:13
1783 918 25.95 20.58 0.34 13:47:13
1784 912 63.85 121.48 1.96 13:47:13
1785 919 25.95 20.58 0.77 13:47:13
1786 913 63.85 121.48 1.45 13:47:13
1787 920 25.95 20.58 0.6 13:47:13
1788 914 63.85 121.48 1.7 13:47:13
1789 921 25.95 20.58 1.02 13:47:13
1790 915 63.86 121.48 1.19 13:47:14
1791 922 25.95 20.58 1.11 13:47:14
1792 916 63.86 121.48 0.77 13:47:14
1793 923 25.95 20.58 1.11 13:47:14
1794 917 25.95 20.58 1.02 13:47:14
1795 924 25.95 20.58 1.02 13:47:14
1796 918 63.85 121.48 1.19 13:47:14
1797 925 25.95 20.55 0.77 13:47:14
1798 919 63.85 121.48 1.53 13:47:14
1799 926 25.95 20.55 0.77 13:47:14
1800 920 63.85 121.48 1.96 13:47:14
1801 927 25.95 20.55 0.51 13:47:14
1802 921 63.87 121.48 1.87 13:47:14
1803 928 25.96 20.55 0.85 13:47:14
1804 922 63.87 121.48 1.28 13:47:14
1805 929 25.96 20.58 1.02 13:47:14
1806 923 63.87 121.48 1.11 13:47:14
1807 930 25.96 20.58 1.02 13:47:14
1808 924 63.86 121.48 0.85 13:47:14
1809 931 25.95 20.58 1.11 13:47:14
1810 925 63.86 121.48 0.34 13:47:15
1811 932 25.95 20.51 1.02 13:47:15
1812 926 63.85 121.48 1.19 13:47:15
1813 933 25.95 20.51 1.02 13:47:15
1814 927 64.36 20.51 0.68 13:47:15
1815 934 25.96 20.51 0.68 13:47:15
1816 928 63.85 121.48 1.28 13:47:15
1817 935 25.96 20.51 0.51 13:47:15
1818 929 63.87 121.48 1.53 13:47:15
1819 936 25.96 20.51 0.68 13:47:15
1820 930 63.87 121.48 1.36 13:47:15
1821 937 25.96 20.51 1.02 13:47:15
1822 931 63.87 121.48 1.45 13:47:15
1823 938 25.96 20.51 0.85 13:47:15
1824 932 63.87 121.48 1.19 13:47:15
1825 939 25.96 20.51 1.19 13:47:15
1826 933 63.87 121.48 0.51 13:47:15
1827 940 25.96 20.51 1.02 13:47:15
1828 934 63.87 118.27 1.28 13:47:15
1829 941 25.96 20.51 1.28 13:47:15
1830 935 63.86 121.48 1.19 13:47:16
1831 942 25.96 20.51 0.85 13:47:16
1832 936 63.86 121.48 1.19 13:47:16
1833 943 25.96 20.51 0.6 13:47:16
1834 937 63.86 121.48 1.36 13:47:16
1835 944 25.96 20.51 0.68 13:47:16
1836 938 63.86 121.48 1.53 13:47:16
1837 945 25.96 20.51 0.77 13:47:16
1838 939 63.86 121.48 1.87 13:47:16
1839 946 25.96 20.51 1.11 13:47:16
1840 940 63.87 121.48 0.77 13:47:16
1841 947 25.96 20.51 0.77 13:47:16
1842 941 64.36 20.51 1.11 13:47:16
1843 948 25.96 20.51 1.11 13:47:16
1844 942 63.87 20.51 1.02 13:47:16
1845 949 25.96 20.51 1.02 13:47:16
1846 943 63.87 121.48 1.36 13:47:16
1847 950 25.96 20.51 0.85 13:47:16
1848 944 63.87 20.51 0.85 13:47:16
1849 951 25.96 20.51 0.85 13:47:16
1850 945 63.87 121.48 1.7 13:47:17
1851 952 25.96 20.51 0.6 13:47:17
1852 946 63.87 121.48 2.21 13:47:17
1853 953 25.96 20.51 0.77 13:47:17
1854 947 63.87 121.48 0.85 13:47:17
1855 954 25.96 20.51 1.02 13:47:17
1856 948 63.87 121.48 1.62 13:47:17
1857 955 25.96 20.51 1.28 13:47:17
1858 949 63.88 121.48 1.36 13:47:17
1859 956 25.96 20.51 1.28 13:47:17
1860 950 63.88 121.48 0.6 13:47:17
1861 957 25.96 20.51 1.11 13:47:17
1862 951 63.87 121.48 0.85 13:47:17
1863 958 25.96 20.51 0.94 13:47:17
1864 952 63.87 121.48 1.28 13:47:17
1865 959 25.96 20.51 0.6 13:47:17
1866 953 63.87 121.48 1.36 13:47:17
1867 960 25.96 20.51 0.09 13:47:17
1868 954 63.87 121.48 1.96 13:47:17
1869 961 25.96 20.48 0.34 13:47:17
1870 955 63.87 121.48 1.7 13:47:18
1871 962 25.96 20.48 1.02 13:47:18
1872 956 63.87 121.48 1.53 13:47:18
1873 963 25.95 20.48 1.02 13:47:18
1874 957 63.87 121.48 1.28 13:47:18
1875 964 25.95 20.51 1.28 13:47:18
1876 958 63.87 121.48 1.36 13:47:18
1877 965 25.95 20.51 1.02 13:47:18
1878 959 63.87 121.48 1.19 13:47:18
1879 966 25.95 20.51 1.19 13:47:18
1880 960 63.88 121.48 0.94 13:47:18
1881 967 25.95 20.48 0.94 13:47:18
1882 961 63.88 121.48 1.28 13:47:18
1883 968 25.95 20.48 0.85 13:47:18
1884 962 63.87 121.48 1.53 13:47:18
1885 969 25.95 20.48 0.68 13:47:18
1886 963 63.87 121.48 2.38 13:47:18
1887 970 25.96 20.44 0.68 13:47:18
1888 964 63.87 121.48 1.53 13:47:18
1889 971 25.96 20.44 0.85 13:47:18
1890 965 63.87 121.48 1.79 13:47:19
1891 972 25.96 20.44 1.02 13:47:19
1892 966 63.87 121.48 1.11 13:47:19
1893 973 25.96 20.44 0.94 13:47:19
1894 967 63.87 121.48 0.43 13:47:19
1895 974 25.96 20.44 1.36 13:47:19
1896 968 63.87 121.48 1.02 13:47:19
1897 975 25.96 20.44 0.85 13:47:19
1898 969 63.87 121.48 1.19 13:47:19
1899 976 25.97 20.44 0.43 13:47:19
1900 970 63.87 121.48 1.28 13:47:19
1901 977 25.97 20.44 0.51 13:47:19
1902 971 63.88 121.48 1.79 13:47:19
1903 978 25.97 20.44 0.68 13:47:19
1904 972 63.88 121.48 1.62 13:47:19
1905 979 25.96 20.44 1.02 13:47:19
1906 973 63.87 121.48 1.28 13:47:19
1907 980 25.96 20.44 1.02 13:47:19
1908 974 63.87 121.48 0.94 13:47:19
1909 981 25.96 20.44 1.19 13:47:19
1910 975 64.36 20.44 1.11 13:47:20
1911 982 25.96 20.44 1.11 13:47:20
1912 976 63.87 121.48 0.68 13:47:20
1913 983 25.96 20.44 1.36 13:47:20
1914 977 63.87 121.48 1.11 13:47:20
1915 984 25.96 20.44 0.68 13:47:20
1916 978 63.87 121.48 1.36 13:47:20
1917 985 25.96 20.44 0.68 13:47:20
1918 979 63.87 121.48 0.85 13:47:20
1919 986 25.96 20.44 0.43 13:47:20
1920 980 63.87 121.48 1.79 13:47:20
1921 987 25.96 20.44 0.85 13:47:20
1922 981 63.87 121.48 1.45 13:47:20
1923 988 25.96 20.44 0.77 13:47:20
1924 982 63.87 121.48 1.28 13:47:20
1925 989 25.96 20.44 1.11 13:47:20
1926 983 63.87 121.48 0.85 13:47:20
1927 990 25.96 20.44 1.02 13:47:20
1928 984 63.88 121.48 0.43 13:47:20
1929 991 25.96 20.44 1.11 13:47:20
1930 985 63.88 121.48 0.94 13:47:21
1931 992 25.96 20.44 0.94 13:47:21
1932 986 63.88 121.48 1.36 13:47:21
1933 993 25.96 20.44 0.68 13:47:21
1934 987 63.88 121.48 1.62 13:47:21
1935 994 25.96 20.44 1.02 13:47:21
1936 988 63.88 121.48 2.13 13:47:21
1937 995 25.97 20.44 0.77 13:47:21
1938 989 63.88 121.48 0.77 13:47:21
1939 996 25.97 20.41 0.94 13:47:21
1940 990 63.88 121.48 1.45 13:47:21
1941 997 25.97 20.41 0.68 13:47:21
1942 991 63.88 121.48 1.11 13:47:21
1943 998 25.96 20.41 1.11 13:47:21
1944 992 63.88 121.48 0.51 13:47:21
1945 999 25.96 20.44 1.11 13:47:21
1946 993 63.88 121.48 1.02 13:47:21
1947 1000 25.96 20.44 1.02 13:47:21
1948 994 63.88 121.48 0.77 13:47:21
1949 1001 25.96 20.44 0.77 13:47:21
1950 995 63.88 121.48 1.7 13:47:22
1951 1002 25.96 20.41 0.85 13:47:22
1952 996 63.87 121.48 1.96 13:47:22
1953 1003 25.96 20.41 0.68 13:47:22
1954 997 63.87 121.48 1.28 13:47:22
1955 1004 25.96 20.41 0.85 13:47:22
1956 998 63.88 121.48 1.36 13:47:22
1957 1005 25.97 20.44 1.02 13:47:22
1958 999 25.97 20.44 1.28 13:47:22
1959 1006 25.97 20.44 1.28 13:47:22
1960 1000 63.88 20.44 1.02 13:47:22
1961 1007 25.97 20.44 1.02 13:47:22
1962 1001 63.88 121.48 1.19 13:47:22
1963 1008 25.97 20.44 0.77 13:47:22
1964 1002 63.88 121.48 1.02 13:47:22
1965 1009 25.97 20.44 0.94 13:47:22
1966 1010 25.97 20.44 0.6 13:47:22
1967 1010 25.97 20.44 0.6 13:47:22
1968 1004 63.87 121.48 2.13 13:47:22
1969 1011 25.97 20.44 0.68 13:47:22
1970 1005 63.87 121.48 1.79 13:47:23
1971 1012 25.97 20.44 0.77 13:47:23
1972 1006 63.87 121.48 1.36 13:47:23
1973 1013 25.97 20.44 1.19 13:47:23
1974 1007 63.87 121.48 1.36 13:47:23
1975 1014 25.97 20.44 1.02 13:47:23
1976 1008 63.87 121.48 0.77 13:47:23
1977 1015 25.97 20.44 1.02 13:47:23
1978 1009 63.88 121.48 0.34 13:47:23
1979 1016 25.97 20.44 1.11 13:47:23
1980 1010 63.88 121.48 1.11 13:47:23
1981 1017 25.97 20.44 0.77 13:47:23
1982 1011 63.88 121.48 0.51 13:47:23
1983 1018 25.97 20.44 0.94 13:47:23
1984 1012 63.87 121.48 1.36 13:47:23
1985 1019 25.97 20.44 0.51 13:47:23
1986 1013 25.97 20.44 1.11 13:47:23
1987 1020 25.97 20.44 1.11 13:47:23
1988 1014 63.87 121.48 1.28 13:47:23
1989 1021 25.97 20.44 0.94 13:47:23
1990 1015 63.86 121.48 1.45 13:47:24
1991 1022 25.97 20.44 1.02 13:47:24
1992 1016 63.86 121.48 1.02 13:47:24
1993 1023 25.97 20.44 1.11 13:47:24
1994 1017 63.86 121.48 0.51 13:47:24
1995 1024 25.98 20.44 1.11 13:47:24
1996 1018 63.88 121.48 0.85 13:47:24
1997 1025 25.98 20.44 0.85 13:47:24
1998 1019 63.88 121.48 1.36 13:47:24
1999 1026 25.98 20.44 0.6 13:47:24
2000 1020 63.87 121.48 1.11 13:47:24
2001 1027 25.98 20.44 0.6 13:47:24
2002 1021 25.98 20.44 0.77 13:47:24
2003 1028 25.98 20.44 0.77 13:47:24
2004 1022 63.87 121.48 1.62 13:47:24
2005 1029 25.98 20.44 0.51 13:47:24
2006 1023 63.87 121.48 1.02 13:47:24
2007 1030 25.97 20.44 0.94 13:47:24
2008 1024 63.87 121.48 1.36 13:47:24
2009 1031 25.97 20.44 1.11 13:47:24
2010 1025 63.87 121.48 0.26 13:47:25
2011 1032 25.97 20.44 1.19 13:47:25
2012 1026 63.88 121.48 0.34 13:47:25
2013 1033 25.97 20.44 0.85 13:47:25
2014 1027 63.88 121.48 1.36 13:47:25
2015 1034 25.98 20.44 0.94 13:47:25
2016 1028 63.88 121.48 1.53 13:47:25
2017 1035 25.98 20.44 0.6 13:47:25
2018 1029 63.87 121.48 1.79 13:47:25
2019 1036 25.98 20.44 0.85 13:47:25
2020 1030 63.87 121.48 2.13 13:47:25
2021 1037 25.98 20.44 0.85 13:47:25
2022 1031 63.87 121.48 1.53 13:47:25
2023 1038 25.98 20.44 0.94 13:47:25
2024 1032 63.87 121.48 1.45 13:47:25
2025 1039 25.98 20.44 1.02 13:47:25
2026 1033 63.87 121.48 1.36 13:47:25
2027 1040 25.97 20.44 1.11 13:47:25
2028 1034 63.87 121.48 0.68 13:47:25
2029 1041 25.97 20.44 1.02 13:47:25
2030 1035 63.87 121.48 1.28 13:47:26
2031 1042 25.97 20.44 0.85 13:47:26
2032 1036 63.87 121.48 1.28 13:47:26
2033 1043 25.98 20.44 0.43 13:47:26
2034 1037 63.88 121.48 1.28 13:47:26
2035 1044 25.98 20.44 0.34 13:47:26
2036 1038 63.88 121.48 2.21 13:47:26
2037 1045 25.98 20.44 0.77 13:47:26
2038 1039 63.88 121.48 1.7 13:47:26
2039 1046 25.97 20.44 1.02 13:47:26
2040 1040 63.89 121.48 1.45 13:47:26
2041 1047 25.97 20.44 1.19 13:47:26
2042 1041 63.89 121.48 1.36 13:47:26
2043 1048 25.97 20.44 1.19 13:47:26
2044 1042 63.87 121.48 1.53 13:47:26
2045 1049 25.97 20.44 1.19 13:47:26
2046 1043 63.87 121.48 1.45 13:47:26
2047 1050 25.97 20.44 1.19 13:47:26
2048 1044 63.87 121.48 1.28 13:47:26
2049 1051 25.97 20.44 0.85 13:47:26
2050 1045 63.88 121.48 1.53 13:47:27
2051 1052 25.97 20.44 0.68 13:47:27
2052 1046 63.88 121.48 1.7 13:47:27
2053 1053 25.97 20.44 0.77 13:47:27
2054 1047 63.88 121.48 1.62 13:47:27
2055 1054 25.97 20.44 0.85 13:47:27
2056 1048 63.89 121.48 2.04 13:47:27
2057 1055 25.97 20.44 1.02 13:47:27
2058 1049 63.89 121.48 1.36 13:47:27
2059 1056 25.97 20.44 1.11 13:47:27
2060 1050 63.89 121.48 1.11 13:47:27
2061 1057 25.97 20.44 0.85 13:47:27
2062 1051 63.87 121.48 0.6 13:47:27
2063 1058 25.97 20.44 1.11 13:47:27
2064 1052 63.87 121.48 1.28 13:47:27
2065 1059 25.98 20.44 0.94 13:47:27
2066 1053 63.87 121.48 1.19 13:47:27
2067 1060 25.98 20.44 0.68 13:47:27
2068 1054 63.89 121.48 1.28 13:47:27
