1 59 58.61 121.48 2.04 0:0:14
2 179 59.77 121.48 1.87 13:32:50
3 256 22.83 25.54 1.02 13:32:50
4 180 59.67 121.48 0.68 13:32:51
5 257 22.83 25.47 1.11 13:32:51
6 181 59.68 121.48 1.28 13:32:52
7 258 22.85 25.47 0.94 13:32:52
8 182 59.69 121.48 1.7 13:32:53
9 259 22.87 25.44 1.45 13:32:53
10 183 59.7 25.4 1.11 13:32:54
11 260 22.88 25.4 1.11 13:32:54
12 68 58.69 121.48 2.47 0:0:17
13 184 59.71 121.48 1.87 13:32:55
14 261 22.89 25.4 0.77 13:32:55
15 185 59.74 115.5 0.94 13:32:55
16 262 22.9 25.4 0.94 13:32:55
17 186 59.78 115.45 1.19 13:32:56
18 263 22.91 25.33 1.19 13:32:56
19 187 59.79 121.48 1.7 13:32:56
20 264 22.94 25.37 0.85 13:32:56
21 188 59.83 21.62 0.94 13:32:57
22 265 22.95 25.33 1.02 13:32:57
23 189 22.97 25.33 1.02 13:32:57
24 266 22.97 25.33 1.02 13:32:57
25 190 24.33 21.62 1.7 13:32:58
26 267 22.97 25.33 1.02 13:32:58
27 191 24.34 21.62 1.19 13:32:58
28 268 22.98 25.33 1.02 13:32:58
29 192 24.36 21.62 2.3 13:32:59
30 269 22.99 25.33 0.77 13:32:59
31 193 24.36 21.62 1.36 13:32:59
32 270 23.0 25.33 1.19 13:32:59
33 194 24.38 21.62 1.7 13:33:0
34 271 23.0 25.27 0.77 13:33:0
35 272 23.02 25.27 1.36 13:33:0
36 272 23.02 25.27 1.36 13:33:0
37 17 23.03 25.27 1.02 13:33:1
38 273 23.03 25.27 1.02 13:33:1
39 197 24.4 21.69 2.04 13:33:1
40 274 23.03 25.27 1.02 13:33:1
41 198 24.42 21.62 0.77 13:33:2
42 275 23.05 25.2 1.28 13:33:2
43 199 24.43 21.69 1.53 13:33:2
44 276 23.06 25.2 0.85 13:33:2
45 200 24.45 21.65 1.45 13:33:3
46 277 23.06 25.2 1.19 13:33:3
47 201 24.44 21.69 1.53 13:33:3
48 278 23.07 25.2 1.02 13:33:3
49 202 24.45 21.69 0.94 13:33:4
50 279 23.08 25.2 0.94 13:33:4
51 203 24.46 21.69 0.77 13:33:4
52 280 23.08 25.13 1.36 13:33:4
53 204 24.47 21.65 1.53 13:33:5
54 281 23.09 25.13 0.77 13:33:5
55 205 24.48 21.65 1.53 13:33:5
56 282 23.1 25.13 1.11 13:33:5
57 206 24.48 21.62 1.53 13:33:6
58 283 23.09 25.13 1.11 13:33:6
59 207 24.5 21.62 1.7 13:33:6
60 284 23.11 25.13 0.85 13:33:6
61 208 24.5 21.62 0.85 13:33:7
62 285 23.12 25.13 1.19 13:33:7
63 209 24.52 25.13 0.77 13:33:7
64 286 23.12 25.13 0.77 13:33:7
65 210 24.53 21.62 1.45 13:33:8
66 287 23.13 25.09 1.28 13:33:8
67 211 24.53 21.65 1.79 13:33:8
68 288 23.13 25.06 1.11 13:33:8
69 212 24.55 21.62 0.94 13:33:9
70 289 23.14 25.06 0.94 13:33:9
71 213 24.54 21.65 1.53 13:33:9
72 290 23.14 25.06 1.02 13:33:9
73 214 24.57 21.69 2.64 13:33:10
74 291 23.16 25.06 0.68 13:33:10
75 215 24.57 21.69 1.45 13:33:10
76 292 23.16 25.06 1.02 13:33:10
77 216 24.58 21.69 1.7 13:33:11
78 293 23.17 25.03 0.94 13:33:11
79 294 23.18 24.99 0.94 13:33:11
80 294 23.18 24.99 0.94 13:33:11
81 218 24.6 21.76 0.68 13:33:12
82 295 23.18 24.99 1.45 13:33:12
83 219 24.6 21.76 2.64 13:33:12
84 296 23.19 24.99 0.85 13:33:12
85 220 24.6 21.83 1.36 13:33:13
86 297 23.19 24.99 1.28 13:33:13
87 221 24.62 21.83 1.7 13:33:13
88 298 23.2 24.99 0.94 13:33:13
89 222 24.63 21.83 1.7 13:33:14
90 299 23.2 24.99 0.94 13:33:14
91 223 24.64 21.83 1.36 13:33:14
92 300 23.22 24.99 1.19 13:33:14
93 224 24.65 21.9 2.55 13:33:15
94 301 23.23 24.99 0.6 13:33:15
95 225 24.65 21.9 1.53 13:33:15
96 302 23.23 24.96 1.19 13:33:15
97 226 24.66 21.93 1.79 13:33:16
98 303 23.25 24.92 0.94 13:33:16
99 227 24.67 21.9 1.79 13:33:16
100 304 23.24 24.92 1.11 13:33:16
101 228 24.67 21.93 1.28 13:33:17
102 305 23.25 24.92 1.28 13:33:17
103 229 24.68 21.9 2.3 13:33:17
104 306 23.26 24.92 0.85 13:33:17
105 230 24.69 21.96 1.53 13:33:18
106 307 23.27 24.92 1.19 13:33:18
107 231 24.69 24.92 0.85 13:33:18
108 308 23.28 24.92 0.85 13:33:18
109 232 24.72 21.96 1.79 13:33:19
110 309 23.28 24.89 0.85 13:33:19
111 233 24.74 21.9 1.19 13:33:19
112 310 23.28 24.92 1.45 13:33:19
113 234 24.74 21.96 2.38 13:33:20
114 311 23.29 24.86 0.77 13:33:20
115 235 24.74 21.96 1.53 13:33:20
116 312 23.3 24.86 1.36 13:33:20
117 236 24.75 121.48 1.87 13:33:21
118 313 23.3 24.86 0.94 13:33:21
119 237 24.77 21.9 1.79 13:33:21
120 314 23.31 24.86 0.94 13:33:21
121 238 24.76 21.96 0.26 13:33:22
122 315 23.32 24.86 1.28 13:33:22
123 239 24.78 21.96 2.38 13:33:22
124 316 23.32 24.86 0.68 13:33:22
125 240 24.8 121.48 1.36 13:33:23
126 317 23.33 24.86 1.11 13:33:23
127 241 23.34 24.82 0.34 13:33:23
128 318 23.34 24.82 0.34 13:33:23
129 242 60.51 21.93 1.7 13:33:24
130 319 23.33 24.86 0.77 13:33:24
131 243 24.82 21.96 0.77 13:33:24
132 320 23.35 24.86 1.28 13:33:24
133 244 25.92 24.79 0.68 13:33:25
134 321 23.36 24.79 0.68 13:33:25
135 245 17.45 121.48 1.36 13:33:25
136 322 23.35 24.79 1.28 13:33:25
137 246 24.84 21.96 1.79 13:33:26
138 323 23.36 24.79 1.02 13:33:26
139 247 23.38 24.79 0.85 13:33:26
140 324 23.38 24.79 0.85 13:33:26
141 248 60.59 121.48 0.77 13:33:27
142 325 23.37 24.79 1.11 13:33:27
143 249 60.59 121.48 0.77 13:33:27
144 326 23.38 24.72 0.77 13:33:27
145 250 60.6 121.48 1.36 13:33:28
146 327 23.38 24.72 1.19 13:33:28
147 251 60.61 121.48 1.79 13:33:28
148 328 23.39 24.72 1.02 13:33:28
149 252 60.62 121.48 1.87 13:33:29
150 329 23.4 24.72 0.94 13:33:29
151 253 60.64 121.48 1.36 13:33:29
152 330 23.41 24.68 1.02 13:33:29
153 254 60.65 121.48 2.21 13:33:30
154 331 23.42 24.72 0.77 13:33:30
155 255 60.67 121.48 1.36 13:33:30
156 332 23.41 24.65 1.19 13:33:30
157 256 60.67 121.48 1.79 13:33:31
158 333 23.42 24.65 0.94 13:33:31
159 257 60.68 121.48 1.7 13:33:31
160 334 23.43 24.65 1.02 13:33:31
161 258 60.68 121.48 0.51 13:33:32
162 335 23.42 24.65 0.94 13:33:32
163 259 60.71 121.48 2.55 13:33:32
164 336 23.44 24.65 0.68 13:33:32
165 260 60.72 121.48 1.36 13:33:33
166 337 23.45 24.65 1.19 13:33:33
167 261 60.74 121.48 1.7 13:33:33
168 338 23.45 24.65 1.11 13:33:33
169 262 60.73 121.48 2.13 13:33:34
170 339 23.46 24.65 1.02 13:33:34
171 263 60.75 121.48 1.19 13:33:34
172 340 23.46 24.62 0.94 13:33:34
173 264 60.75 121.48 2.21 13:33:35
174 341 23.47 24.62 0.68 13:33:35
175 265 60.77 121.48 1.53 13:33:35
176 342 23.47 24.58 1.36 13:33:35
177 266 60.78 121.48 1.96 13:33:36
178 343 23.47 24.58 0.94 13:33:36
179 267 60.79 121.48 1.79 13:33:36
180 344 23.48 24.58 0.94 13:33:36
181 268 60.79 121.48 1.28 13:33:37
182 345 23.5 24.58 1.02 13:33:37
183 269 60.81 121.48 2.38 13:33:37
184 346 23.5 24.58 0.68 13:33:37
185 270 60.81 121.48 1.36 13:33:38
186 347 23.5 24.58 1.28 13:33:38
187 271 60.82 121.48 1.7 13:33:38
188 348 23.5 24.58 0.51 13:33:38
189 272 60.85 121.48 1.79 13:33:39
190 349 23.52 24.58 1.02 13:33:39
191 273 60.84 121.48 1.19 13:33:39
192 350 23.53 24.58 1.19 13:33:39
193 274 60.85 121.48 2.38 13:33:40
194 351 23.52 24.55 0.77 13:33:40
195 275 60.87 121.48 0.94 13:33:40
196 352 23.54 24.55 1.53 13:33:40
197 276 60.87 121.48 1.96 13:33:41
198 353 23.54 24.51 0.85 13:33:41
199 277 60.89 121.48 1.79 13:33:41
200 354 23.53 24.51 1.19 13:33:41
201 278 60.9 121.48 1.02 13:33:42
202 355 23.54 24.51 1.19 13:33:42
203 279 60.91 121.48 2.47 13:33:42
204 356 23.56 24.55 0.94 13:33:42
205 280 60.92 121.48 1.7 13:33:43
206 357 23.56 24.51 1.19 13:33:43
207 281 60.92 121.48 1.79 13:33:43
208 358 23.56 24.51 0.77 13:33:43
209 282 60.95 121.48 1.79 13:33:44
210 359 23.56 24.51 1.02 13:33:44
211 283 60.94 121.48 1.53 13:33:44
212 360 23.57 24.51 1.11 13:33:44
213 284 23.57 24.51 0.77 13:33:45
214 361 23.57 24.51 0.77 13:33:45
215 285 60.96 121.04 1.28 13:33:45
216 362 23.58 24.51 1.28 13:33:45
217 286 60.96 121.48 1.96 13:33:46
218 363 23.58 24.51 0.77 13:33:46
219 287 60.98 121.48 1.7 13:33:46
220 364 23.58 24.51 1.11 13:33:46
221 288 60.99 121.48 1.7 13:33:47
222 365 23.6 24.48 1.11 13:33:47
223 289 60.98 121.48 2.3 13:33:47
224 366 23.6 24.44 0.68 13:33:47
225 290 61.01 121.48 1.53 13:33:48
226 367 23.6 24.48 1.19 13:33:48
227 291 61.01 121.48 1.96 13:33:48
228 368 23.61 24.48 1.19 13:33:48
229 292 61.02 121.48 1.02 13:33:49
230 369 23.62 24.44 1.02 13:33:49
231 293 61.04 121.48 1.7 13:33:49
232 370 23.62 24.48 1.19 13:33:49
233 294 61.05 121.48 0.68 13:33:50
234 371 23.62 24.48 0.68 13:33:50
235 295 61.04 121.48 0.85 13:33:50
236 372 23.63 24.44 1.28 13:33:50
237 296 61.05 121.48 1.79 13:33:51
238 373 23.64 24.44 0.85 13:33:51
239 297 61.06 121.48 1.19 13:33:51
240 374 23.64 24.44 0.94 13:33:51
241 298 61.09 121.48 1.62 13:33:52
242 375 23.64 24.44 1.11 13:33:52
243 299 61.08 121.48 2.04 13:33:52
244 376 23.64 24.44 0.77 13:33:52
245 300 61.09 121.48 0.85 13:33:53
246 377 23.65 24.44 1.19 13:33:53
247 301 61.09 121.48 1.62 13:33:53
248 378 23.66 24.41 0.94 13:33:53
249 302 61.11 121.48 1.7 13:33:54
250 379 23.66 24.37 1.11 13:33:54
251 303 61.11 121.48 1.62 13:33:54
252 380 23.66 24.37 1.19 13:33:54
253 304 61.13 121.48 1.7 13:33:55
254 381 23.68 24.37 0.6 13:33:55
255 305 61.14 121.48 1.02 13:33:55
256 382 23.68 24.37 1.28 13:33:55
257 306 61.16 121.48 1.96 13:33:56
258 383 23.69 24.37 0.94 13:33:56
259 307 61.15 121.48 1.45 13:33:56
260 384 23.68 24.37 1.53 13:33:56
261 308 61.17 121.48 1.79 13:33:57
262 385 23.69 24.34 1.11 13:33:57
263 309 61.17 121.48 1.96 13:33:57
264 386 23.7 24.34 0.85 13:33:57
265 310 61.17 121.48 1.36 13:33:58
266 387 23.7 24.34 1.36 13:33:58
267 311 61.2 121.48 2.13 13:33:58
268 388 23.7 24.31 0.94 13:33:58
269 312 61.19 121.48 1.79 13:33:59
270 389 23.72 24.31 0.77 13:33:59
271 313 61.21 121.48 2.21 13:33:59
272 390 23.72 24.31 1.02 13:33:59
273 314 61.22 121.48 1.87 13:34:0
274 391 23.72 24.31 1.19 13:34:0
275 315 61.21 121.48 1.28 13:34:0
276 392 23.73 24.31 1.28 13:34:0
277 316 61.25 121.48 2.55 13:34:1
278 393 23.73 24.27 0.94 13:34:1
279 317 61.24 121.48 1.53 13:34:1
280 394 23.73 24.31 1.19 13:34:1
281 318 61.24 121.48 1.87 13:34:2
282 395 23.74 24.27 0.94 13:34:2
283 319 61.25 121.48 1.7 13:34:2
284 396 23.74 24.24 0.68 13:34:2
285 320 61.26 120.85 1.28 13:34:3
286 397 23.75 24.24 1.28 13:34:3
287 321 61.28 121.48 2.64 13:34:3
288 398 23.76 24.24 0.85 13:34:3
289 322 61.27 121.48 1.62 13:34:4
290 399 23.76 24.24 0.77 13:34:4
291 323 61.27 121.48 1.87 13:34:4
292 400 23.76 24.24 1.02 13:34:4
293 324 61.29 121.48 1.53 13:34:5
294 401 23.77 24.24 0.94 13:34:5
295 325 61.31 121.48 1.36 13:34:5
296 402 23.77 24.24 1.36 13:34:5
297 326 61.3 121.48 2.55 13:34:6
298 403 23.78 24.2 0.77 13:34:6
299 327 61.31 121.48 1.62 13:34:6
300 404 23.78 24.24 1.28 13:34:6
301 328 61.31 121.48 1.87 13:34:7
302 405 23.8 24.17 1.11 13:34:7
303 329 61.32 121.48 1.87 13:34:7
304 406 23.8 24.17 0.94 13:34:7
305 330 61.34 121.48 0.94 13:34:8
306 407 23.79 24.2 1.19 13:34:8
307 331 61.34 121.48 2.64 13:34:8
308 408 23.8 24.17 0.85 13:34:8
309 332 61.34 121.48 1.53 13:34:9
310 409 23.82 24.17 1.19 13:34:9
311 333 61.35 121.48 1.79 13:34:9
312 410 23.81 24.17 1.36 13:34:9
313 334 61.37 121.48 1.7 13:34:10
314 411 23.81 24.17 0.94 13:34:10
315 335 61.37 121.48 0.85 13:34:10
316 412 23.82 24.17 1.36 13:34:10
317 336 61.38 121.48 2.55 13:34:11
318 413 23.82 24.17 0.85 13:34:11
319 337 61.39 121.48 1.36 13:34:11
320 414 23.82 24.17 1.11 13:34:11
321 338 61.4 24.17 1.19 13:34:12
322 415 23.84 24.17 1.19 13:34:12
323 339 61.41 121.48 1.79 13:34:12
324 416 23.84 24.17 1.02 13:34:12
325 340 61.4 121.48 1.36 13:34:13
326 417 23.84 24.17 1.28 13:34:13
327 341 61.42 121.48 2.38 13:34:13
328 418 23.85 24.17 0.94 13:34:13
329 342 61.43 121.48 1.02 13:34:14
330 419 23.85 24.13 1.19 13:34:14
331 343 61.43 121.48 1.87 13:34:14
332 420 23.86 24.17 1.02 13:34:14
333 344 61.43 121.48 1.96 13:34:15
334 421 23.86 24.13 0.68 13:34:15
335 345 61.45 121.48 1.79 13:34:15
336 422 23.86 24.17 1.36 13:34:15
337 346 61.46 121.48 2.47 13:34:16
338 423 23.87 24.17 0.94 13:34:16
339 347 61.45 121.48 1.79 13:34:16
340 424 23.87 24.17 1.19 13:34:16
341 348 61.45 121.48 2.04 13:34:17
342 425 23.87 24.13 1.19 13:34:17
343 349 61.45 121.48 1.87 13:34:17
344 426 23.88 24.13 0.94 13:34:17
345 350 61.48 121.48 1.53 13:34:18
346 427 23.88 24.17 1.53 13:34:18
347 351 61.47 121.48 2.13 13:34:18
348 428 23.87 24.13 0.85 13:34:18
349 352 61.48 121.48 1.53 13:34:19
350 429 23.89 24.17 1.02 13:34:19
351 353 61.49 121.48 1.87 13:34:19
352 430 23.9 24.1 0.94 13:34:19
353 354 61.5 121.48 1.87 13:34:20
354 431 23.91 24.1 1.28 13:34:20
355 355 61.51 121.48 0.77 13:34:20
356 432 23.9 24.1 1.36 13:34:20
357 356 61.51 121.48 2.64 13:34:21
358 433 23.91 24.1 0.94 13:34:21
359 357 61.52 24.1 0.85 13:34:21
360 434 23.92 24.1 0.85 13:34:21
361 358 61.52 24.1 1.02 13:34:22
362 435 23.92 24.1 1.02 13:34:22
363 359 61.53 121.48 1.87 13:34:22
364 436 23.92 24.1 0.77 13:34:22
365 360 61.53 121.48 0.85 13:34:23
366 437 23.92 24.1 1.45 13:34:23
367 361 61.54 121.48 2.72 13:34:23
368 438 23.93 24.1 0.6 13:34:23
369 362 61.55 121.48 1.79 13:34:24
370 439 23.93 24.07 1.87 13:34:24
371 363 61.56 121.48 1.62 13:34:24
372 440 23.94 24.1 1.36 13:34:24
373 364 61.56 24.1 0.85 13:34:25
374 441 23.94 24.1 0.85 13:34:25
375 365 61.57 121.48 1.62 13:34:25
376 442 23.94 24.03 1.28 13:34:25
377 366 61.56 121.48 2.55 13:34:26
378 443 23.95 24.07 0.85 13:34:26
379 367 61.58 121.48 1.53 13:34:26
380 444 23.94 24.03 0.94 13:34:26
381 368 61.57 121.48 1.62 13:34:27
382 445 23.95 24.03 1.11 13:34:27
383 369 61.59 121.48 1.87 13:34:27
384 446 23.96 24.03 0.77 13:34:27
385 370 61.59 121.48 1.19 13:34:28
386 447 23.97 24.03 1.19 13:34:28
387 371 61.6 121.48 2.21 13:34:28
388 448 23.96 23.96 1.02 13:34:28
389 372 61.61 121.48 1.02 13:34:29
390 449 23.96 24.03 1.02 13:34:29
391 373 61.61 121.48 1.11 13:34:29
392 450 23.97 24.0 1.11 13:34:29
393 374 61.61 121.48 1.7 13:34:30
394 451 23.98 23.96 0.85 13:34:30
395 452 23.98 23.96 1.28 13:34:30
396 452 23.98 23.96 1.28 13:34:30
397 376 61.63 20.44 2.3 13:34:31
398 453 23.98 23.93 0.94 13:34:31
399 377 25.62 20.44 1.62 13:34:31
400 454 23.98 23.96 1.02 13:34:31
401 378 25.61 20.48 2.13 13:34:32
402 455 23.98 23.93 1.19 13:34:32
403 379 25.61 23.93 1.02 13:34:32
404 456 23.99 23.93 1.02 13:34:32
405 380 25.62 20.51 1.19 13:34:33
406 457 24.0 23.89 1.28 13:34:33
407 381 25.62 20.51 2.13 13:34:33
408 458 24.0 23.89 0.85 13:34:33
409 382 25.63 20.58 1.53 13:34:34
410 459 24.01 23.89 0.94 13:34:34
411 383 25.64 23.89 1.11 13:34:34
412 460 24.01 23.89 1.11 13:34:34
413 384 25.64 20.58 2.13 13:34:35
414 461 24.02 23.89 0.85 13:34:35
415 385 25.64 20.65 1.11 13:34:35
416 462 24.02 23.89 1.19 13:34:35
417 386 25.64 20.65 2.04 13:34:36
418 463 24.02 23.89 0.85 13:34:36
419 387 25.64 20.65 1.45 13:34:36
420 464 24.02 23.89 1.11 13:34:36
421 388 61.67 121.48 1.7 13:34:37
422 465 24.03 23.86 1.28 13:34:37
423 389 61.69 121.48 1.7 13:34:37
424 466 24.03 23.89 0.68 13:34:37
425 390 61.69 121.48 1.28 13:34:38
426 467 24.04 23.89 1.45 13:34:38
427 391 61.7 20.65 2.21 13:34:38
428 468 24.05 23.86 0.94 13:34:38
429 392 25.67 20.65 1.53 13:34:39
430 469 24.05 23.89 1.02 13:34:39
431 393 25.67 20.65 2.13 13:34:39
432 470 24.04 23.86 1.11 13:34:39
433 394 25.68 20.65 1.96 13:34:40
434 471 24.04 23.89 0.68 13:34:40
435 395 61.7 121.48 1.02 13:34:40
436 472 24.06 23.86 1.36 13:34:40
437 396 61.73 121.48 2.38 13:34:41
438 473 24.06 23.83 0.68 13:34:41
439 397 61.74 121.48 1.7 13:34:41
440 474 24.07 23.83 0.85 13:34:41
441 398 61.74 121.48 1.96 13:34:42
442 475 24.08 23.86 1.19 13:34:42
443 399 61.75 121.48 1.96 13:34:42
444 476 24.07 23.83 0.51 13:34:42
445 400 61.75 121.48 0.85 13:34:43
446 477 24.07 23.86 1.19 13:34:43
447 401 61.76 121.48 2.55 13:34:43
448 478 24.08 23.83 0.94 13:34:43
449 402 61.76 121.48 1.7 13:34:44
450 479 24.09 23.83 0.94 13:34:44
451 403 61.78 121.48 2.13 13:34:44
452 480 24.1 23.83 1.11 13:34:44
453 404 61.77 121.48 1.79 13:34:45
454 481 24.1 23.83 0.77 13:34:45
455 405 61.79 121.48 1.19 13:34:45
456 482 24.09 23.83 1.19 13:34:45
457 406 61.8 121.48 2.55 13:34:46
458 483 24.09 23.83 0.94 13:34:46
459 407 61.8 121.48 0.94 13:34:46
460 484 24.1 23.83 1.11 13:34:46
461 408 61.8 121.48 1.87 13:34:47
462 485 24.1 23.83 1.19 13:34:47
463 409 61.79 121.48 1.79 13:34:47
464 486 24.11 23.83 0.85 13:34:47
465 410 61.8 121.48 1.45 13:34:48
466 487 24.11 23.83 1.28 13:34:48
467 411 61.81 121.48 2.72 13:34:48
468 488 24.12 23.83 0.94 13:34:48
469 412 61.8 121.48 1.53 13:34:49
470 489 24.12 23.83 0.43 13:34:49
471 413 61.82 121.48 1.36 13:34:49
472 490 24.12 23.76 1.19 13:34:49
473 414 61.83 121.48 1.87 13:34:50
474 491 24.12 23.76 0.51 13:34:50
475 415 61.84 121.48 0.17 13:34:50
476 492 24.13 23.79 1.28 13:34:50
477 416 61.84 121.48 2.64 13:34:51
478 493 24.13 23.79 0.94 13:34:51
479 417 61.84 121.48 1.62 13:34:51
480 494 24.14 23.76 1.28 13:34:51
481 418 61.84 121.48 1.79 13:34:52
482 495 24.14 23.76 1.19 13:34:52
483 419 61.85 121.48 2.04 13:34:52
484 496 24.14 23.76 0.85 13:34:52
485 420 61.87 121.48 1.79 13:34:53
486 497 24.15 23.76 1.36 13:34:53
487 421 61.86 121.48 2.72 13:34:53
488 498 24.16 23.76 0.94 13:34:53
489 422 61.86 121.48 1.79 13:34:54
490 499 24.16 23.76 1.02 13:34:54
491 423 61.86 121.48 1.7 13:34:54
492 500 24.16 23.76 1.28 13:34:54
493 424 61.87 121.48 2.04 13:34:55
494 501 24.16 23.76 0.68 13:34:55
495 425 61.87 121.48 1.45 13:34:55
496 502 24.18 23.76 1.28 13:34:55
497 503 24.17 23.76 1.02 13:34:56
498 503 24.17 23.76 1.02 13:34:56
499 427 61.89 121.48 1.87 13:34:56
500 504 24.18 23.76 0.94 13:34:56
501 428 61.89 121.48 2.13 13:34:57
502 505 24.18 23.72 0.94 13:34:57
503 429 61.9 121.48 2.21 13:34:57
504 506 24.17 23.72 0.6 13:34:57
505 430 61.9 121.48 1.36 13:34:58
506 507 24.18 23.69 1.28 13:34:58
507 431 61.92 121.48 2.13 13:34:58
508 508 24.18 23.69 1.02 13:34:58
509 432 61.91 121.48 1.62 13:34:59
510 509 24.19 23.69 0.94 13:34:59
511 510 24.19 23.72 1.36 13:34:59
512 510 24.19 23.72 1.36 13:34:59
513 434 61.93 121.48 1.87 13:35:0
514 511 24.2 23.69 0.85 13:35:0
515 435 61.93 121.48 1.28 13:35:0
516 512 24.2 23.69 1.28 13:35:0
517 436 61.93 121.48 2.21 13:35:1
518 513 24.2 23.69 0.17 13:35:1
519 514 24.2 23.69 1.11 13:35:1
520 514 24.2 23.69 1.11 13:35:1
521 438 61.95 121.48 2.04 13:35:2
522 515 24.21 23.69 1.19 13:35:2
523 439 61.94 121.48 1.96 13:35:2
524 516 24.21 23.69 0.85 13:35:2
525 440 61.95 121.48 1.19 13:35:3
526 517 24.22 23.69 1.28 13:35:3
527 441 61.96 121.48 2.13 13:35:3
528 518 24.22 23.69 0.94 13:35:3
529 442 61.97 121.48 1.62 13:35:4
530 519 24.22 23.69 0.94 13:35:4
531 443 61.97 121.48 1.79 13:35:4
532 520 24.23 23.69 1.36 13:35:4
533 444 61.97 121.48 1.87 13:35:5
534 521 24.23 23.69 0.94 13:35:5
535 445 61.97 121.48 1.02 13:35:5
536 522 24.24 23.69 1.36 13:35:5
537 446 61.97 121.48 2.13 13:35:6
538 523 24.24 23.62 1.11 13:35:6
539 447 61.98 121.48 0.94 13:35:6
540 524 24.24 23.69 1.02 13:35:6
541 448 61.99 121.48 2.47 13:35:7
542 525 24.24 23.69 1.36 13:35:7
543 449 61.99 121.48 1.87 13:35:7
544 526 24.24 23.69 1.02 13:35:7
545 450 61.98 121.48 0.94 13:35:8
546 527 24.25 23.65 1.11 13:35:8
547 451 62.0 121.48 1.87 13:35:8
548 528 24.24 23.65 1.19 13:35:8
549 452 61.99 121.48 1.79 13:35:9
550 529 24.25 23.65 1.02 13:35:9
551 453 62.0 121.48 1.96 13:35:9
552 530 24.26 23.62 1.11 13:35:9
553 454 62.01 121.48 1.96 13:35:10
554 531 24.26 23.62 0.85 13:35:10
555 455 62.01 121.48 1.11 13:35:10
556 532 24.26 23.62 1.19 13:35:10
557 277 24.27 23.62 1.02 13:35:11
558 533 24.27 23.62 1.02 13:35:11
559 457 62.01 121.48 1.79 13:35:11
560 534 24.26 23.62 0.94 13:35:11
561 458 62.04 121.48 2.21 13:35:12
562 535 24.27 23.62 1.36 13:35:12
563 459 62.03 121.48 2.13 13:35:12
564 536 24.27 23.62 0.68 13:35:12
565 460 62.05 121.48 1.53 13:35:13
566 537 24.28 23.62 1.19 13:35:13
567 461 62.05 121.48 2.3 13:35:13
568 538 24.29 23.62 0.51 13:35:13
569 462 62.05 121.48 1.7 13:35:14
570 539 24.29 23.62 0.85 13:35:14
571 463 62.05 121.48 1.79 13:35:14
572 540 24.28 23.62 1.11 13:35:14
573 464 62.05 121.48 1.79 13:35:15
574 541 24.28 23.62 0.94 13:35:15
575 465 62.04 121.48 0.85 13:35:15
576 542 24.3 23.62 1.19 13:35:15
577 466 62.05 121.48 2.98 13:35:16
578 543 24.29 23.62 0.68 13:35:16
579 467 62.06 121.48 1.62 13:35:16
580 544 24.3 23.62 1.02 13:35:16
581 468 62.08 121.48 1.87 13:35:17
582 545 24.3 23.62 1.53 13:35:17
583 469 62.08 121.48 1.96 13:35:17
584 546 24.3 23.62 0.6 13:35:17
585 470 62.08 121.48 1.53 13:35:18
586 547 24.31 23.62 0.94 13:35:18
587 471 62.08 121.48 2.3 13:35:18
588 548 24.32 23.62 0.94 13:35:18
589 293 24.32 23.62 0.94 13:35:19
590 549 24.32 23.62 0.94 13:35:19
591 473 62.09 121.48 1.7 13:35:19
592 550 24.32 23.62 1.28 13:35:19
593 474 62.09 121.48 1.53 13:35:20
594 551 24.32 23.62 0.68 13:35:20
595 475 62.09 121.48 1.45 13:35:20
596 552 24.32 23.58 1.19 13:35:20
597 476 62.11 121.48 2.13 13:35:21
598 553 24.32 23.62 0.94 13:35:21
599 477 62.11 121.48 0.43 13:35:21
600 554 24.33 23.55 0.94 13:35:21
601 478 62.12 121.48 2.81 13:35:22
602 555 24.34 23.55 0.94 13:35:22
603 479 62.09 121.48 1.87 13:35:22
604 556 24.34 23.55 0.77 13:35:22
605 480 62.11 121.48 1.62 13:35:23
606 557 24.34 23.55 1.28 13:35:23
607 481 62.11 121.48 1.79 13:35:23
608 558 24.34 23.55 0.85 13:35:23
609 482 62.12 121.48 0.85 13:35:24
610 559 24.34 23.55 1.45 13:35:24
611 483 62.11 121.48 1.79 13:35:24
612 560 24.35 23.55 0.94 13:35:24
613 484 62.13 121.48 1.62 13:35:25
614 561 24.35 23.52 1.11 13:35:25
615 485 24.34 23.55 1.28 13:35:25
616 562 24.34 23.55 1.28 13:35:25
617 486 62.14 121.48 1.87 13:35:26
618 563 24.36 23.55 0.94 13:35:26
619 487 62.15 121.48 0.94 13:35:26
620 564 24.36 23.55 1.11 13:35:26
621 488 62.15 121.48 2.04 13:35:27
622 565 24.36 23.52 1.02 13:35:27
623 489 62.15 121.48 1.7 13:35:27
624 566 24.36 23.52 0.94 13:35:27
625 490 62.15 121.48 1.87 13:35:28
626 567 24.36 23.48 1.28 13:35:28
627 491 62.16 121.48 2.13 13:35:28
628 568 24.37 23.52 0.77 13:35:28
629 492 62.17 121.48 0.68 13:35:29
630 569 24.37 23.48 1.11 13:35:29
631 493 62.16 121.48 2.64 13:35:29
632 570 24.38 23.48 0.94 13:35:29
633 494 62.18 121.48 1.79 13:35:30
634 571 24.38 23.48 1.02 13:35:30
635 495 62.18 121.48 1.87 13:35:30
636 572 24.38 23.48 1.19 13:35:30
637 496 62.19 121.48 1.19 13:35:31
638 573 24.38 23.48 0.77 13:35:31
639 497 62.18 121.48 1.7 13:35:31
640 574 24.38 23.48 1.11 13:35:31
641 498 62.18 23.48 0.85 13:35:32
642 575 24.39 23.48 0.85 13:35:32
643 499 62.19 121.48 0.94 13:35:32
644 576 24.39 23.48 1.19 13:35:32
645 500 62.18 121.48 1.96 13:35:33
646 577 24.39 23.48 0.77 13:35:33
647 501 62.18 121.48 1.87 13:35:33
648 578 24.39 23.48 0.85 13:35:33
649 502 62.2 121.48 1.79 13:35:34
650 579 24.4 23.45 1.28 13:35:34
651 503 62.21 121.48 2.04 13:35:34
652 580 24.4 23.48 0.6 13:35:34
653 504 62.21 121.48 1.19 13:35:35
654 581 24.41 23.45 1.28 13:35:35
655 505 62.19 121.48 2.72 13:35:35
656 582 24.4 23.48 1.19 13:35:35
657 506 62.21 121.48 1.62 13:35:36
658 583 24.41 23.48 1.02 13:35:36
659 507 62.22 121.48 2.13 13:35:36
660 584 24.41 23.45 1.28 13:35:36
661 508 62.21 121.48 1.79 13:35:37
662 585 24.41 23.45 0.85 13:35:37
663 509 62.22 121.48 1.7 13:35:37
664 586 24.42 23.48 1.28 13:35:37
665 510 62.24 121.48 1.7 13:35:38
666 587 24.42 23.45 0.94 13:35:38
667 511 62.25 23.45 1.36 13:35:38
668 588 24.42 23.45 1.36 13:35:38
669 512 62.24 121.48 2.38 13:35:39
670 589 24.43 23.48 1.11 13:35:39
671 513 62.24 121.48 1.62 13:35:39
672 590 24.44 23.41 1.02 13:35:39
673 514 62.25 121.48 1.53 13:35:40
674 591 24.44 23.45 1.28 13:35:40
675 515 62.25 121.48 1.79 13:35:40
676 592 24.44 23.45 0.94 13:35:40
677 516 62.26 121.48 1.62 13:35:41
678 593 24.44 23.41 1.45 13:35:41
679 517 62.25 121.48 2.13 13:35:41
680 594 24.44 23.41 0.43 13:35:41
681 518 62.26 121.48 0.77 13:35:42
682 595 24.46 23.41 0.6 13:35:42
683 519 62.27 121.48 1.45 13:35:42
684 596 24.46 23.41 1.02 13:35:42
685 520 62.26 121.48 1.36 13:35:43
686 597 24.45 23.41 0.68 13:35:43
687 521 62.27 121.48 1.45 13:35:43
688 598 24.46 23.41 0.94 13:35:43
689 522 62.27 121.48 1.7 13:35:44
690 599 24.46 23.41 0.0 13:35:44
691 523 62.26 121.48 1.45 13:35:44
692 600 24.46 23.41 1.11 13:35:44
693 524 62.27 121.48 2.55 13:35:45
694 601 24.46 23.38 1.02 13:35:45
695 525 62.27 121.48 1.45 13:35:45
696 602 24.46 23.34 0.85 13:35:45
697 526 62.28 121.48 2.38 13:35:46
698 603 24.46 23.38 0.85 13:35:46
699 527 62.29 121.48 1.36 13:35:46
700 604 24.46 23.38 0.6 13:35:46
701 528 62.29 121.48 1.36 13:35:47
702 605 24.47 23.34 1.02 13:35:47
703 529 62.29 121.48 1.79 13:35:47
704 606 24.48 23.34 0.85 13:35:47
705 530 62.29 121.48 1.36 13:35:48
706 607 24.48 23.38 1.11 13:35:48
707 531 62.32 121.48 2.21 13:35:48
708 608 24.48 23.34 0.85 13:35:48
709 532 62.29 121.48 0.94 13:35:49
710 609 24.48 23.38 0.85 13:35:49
711 533 62.3 121.48 1.79 13:35:49
712 610 24.49 23.34 0.85 13:35:49
713 534 62.3 121.48 1.45 13:35:50
714 611 24.49 23.34 0.51 13:35:50
715 535 62.31 121.48 1.53 13:35:50
716 612 24.5 23.34 0.68 13:35:50
717 536 62.3 121.48 1.79 13:35:51
718 613 24.5 23.31 0.77 13:35:51
719 537 62.31 121.48 1.45 13:35:51
720 614 24.49 23.34 0.51 13:35:51
721 538 62.3 121.48 2.38 13:35:52
722 615 24.49 23.34 0.94 13:35:52
723 539 62.31 121.48 1.45 13:35:52
724 616 24.5 23.34 1.02 13:35:52
725 540 62.3 121.48 2.38 13:35:53
726 617 24.5 23.34 0.77 13:35:53
727 541 62.32 121.48 1.62 13:35:53
728 618 24.51 23.34 0.6 13:35:53
729 542 62.34 121.48 1.53 13:35:54
730 619 24.5 23.34 1.02 13:35:54
731 543 62.33 121.48 1.53 13:35:54
732 620 24.52 23.34 0.85 13:35:54
733 544 62.33 121.48 1.45 13:35:55
734 621 24.52 23.34 0.94 13:35:55
735 545 62.33 121.48 2.47 13:35:55
736 622 24.52 23.34 1.02 13:35:55
737 546 62.35 121.48 1.28 13:35:56
738 623 24.52 23.34 0.68 13:35:56
739 547 62.35 121.48 1.79 13:35:56
740 624 24.52 23.34 0.94 13:35:56
741 548 62.35 121.48 1.36 13:35:57
742 625 24.53 23.34 0.6 13:35:57
743 549 62.35 121.48 1.19 13:35:57
744 626 24.53 23.34 1.02 13:35:57
745 550 62.35 121.48 1.79 13:35:58
746 627 24.52 23.27 0.43 13:35:58
747 551 62.36 121.48 1.62 13:35:58
748 628 24.53 23.31 0.85 13:35:58
749 552 62.36 121.48 2.38 13:35:59
750 629 24.54 23.34 0.94 13:35:59
751 553 62.37 121.48 1.28 13:35:59
752 630 24.53 23.34 1.11 13:35:59
753 554 62.38 121.48 1.87 13:36:0
754 631 24.54 23.31 1.11 13:36:0
755 555 62.37 121.48 1.28 13:36:0
756 632 24.55 23.34 0.6 13:36:0
757 556 62.38 121.48 1.62 13:36:1
758 633 24.55 23.34 1.02 13:36:1
759 557 62.39 121.48 1.96 13:36:1
760 634 24.55 23.34 0.85 13:36:1
761 558 62.37 121.48 1.28 13:36:2
762 635 24.56 23.34 1.11 13:36:2
763 559 62.38 121.48 2.3 13:36:2
764 636 24.55 23.34 1.02 13:36:2
765 560 62.39 121.48 1.79 13:36:3
766 637 24.55 23.34 0.6 13:36:3
767 561 62.39 121.48 1.7 13:36:3
768 638 24.56 23.34 1.19 13:36:3
769 562 62.4 121.48 1.7 13:36:4
770 639 24.57 23.34 0.6 13:36:4
771 563 62.4 121.48 1.62 13:36:4
772 640 24.57 23.31 1.28 13:36:4
773 564 62.4 121.48 1.96 13:36:5
774 641 24.56 23.31 0.77 13:36:5
775 565 62.41 121.48 1.02 13:36:5
776 642 24.56 23.34 1.11 13:36:5
777 566 62.42 121.48 2.38 13:36:6
778 643 24.58 23.34 1.02 13:36:6
779 567 62.41 121.48 1.7 13:36:6
780 644 24.57 23.31 0.68 13:36:6
781 568 62.42 121.48 1.87 13:36:7
782 645 24.57 23.34 1.11 13:36:7
783 569 62.42 121.48 1.96 13:36:7
784 646 24.58 23.27 0.85 13:36:7
785 570 62.43 121.48 1.79 13:36:8
786 647 24.59 23.34 1.11 13:36:8
787 571 62.43 121.48 2.3 13:36:8
788 648 24.58 23.31 0.94 13:36:8
789 572 62.43 121.48 1.02 13:36:9
790 649 24.58 23.34 0.94 13:36:9
791 573 62.43 121.48 2.55 13:36:9
792 650 24.59 23.31 0.94 13:36:9
793 574 62.44 121.48 1.36 13:36:10
794 651 24.59 23.34 0.94 13:36:10
795 575 62.44 121.48 1.79 13:36:10
796 652 24.59 23.27 1.36 13:36:10
797 576 62.45 121.48 1.62 13:36:11
798 653 24.59 23.31 0.77 13:36:11
799 577 62.43 121.48 1.62 13:36:11
800 654 24.6 23.31 1.19 13:36:11
801 578 62.44 121.48 1.62 13:36:12
802 655 24.6 23.31 1.11 13:36:12
803 579 62.45 121.48 0.85 13:36:12
804 656 24.62 23.31 0.85 13:36:12
805 580 62.45 121.48 1.87 13:36:13
806 657 24.61 23.27 1.19 13:36:13
807 581 62.46 121.48 1.62 13:36:13
808 658 24.61 23.27 0.68 13:36:13
809 582 62.45 121.48 1.87 13:36:14
810 659 24.61 23.27 1.11 13:36:14
811 583 62.47 121.48 1.7 13:36:14
812 660 24.62 23.27 0.77 13:36:14
813 584 62.45 121.48 1.53 13:36:15
814 661 24.64 23.27 1.02 13:36:15
815 585 62.47 121.48 2.38 13:36:15
816 662 24.62 23.27 0.94 13:36:15
817 586 62.47 121.48 1.36 13:36:16
818 663 24.63 23.27 1.11 13:36:16
819 587 62.46 121.48 2.3 13:36:16
820 664 24.63 23.27 1.19 13:36:16
821 588 62.47 121.48 1.53 13:36:17
822 665 24.63 23.31 1.02 13:36:17
823 589 62.48 121.48 1.62 13:36:17
824 666 24.64 23.27 1.28 13:36:17
825 590 62.47 121.48 1.45 13:36:18
826 667 24.63 23.31 0.85 13:36:18
827 591 62.48 121.48 1.62 13:36:18
828 668 24.63 23.27 1.36 13:36:18
829 592 62.47 121.48 2.3 13:36:19
830 669 24.64 23.27 1.02 13:36:19
831 593 62.47 121.48 0.94 13:36:19
832 670 24.64 23.27 1.02 13:36:19
833 594 62.48 121.48 1.36 13:36:20
834 671 24.64 23.27 1.28 13:36:20
835 595 62.49 121.48 1.79 13:36:20
836 672 24.64 23.27 0.85 13:36:20
837 596 62.49 121.48 1.79 13:36:21
838 673 24.65 23.27 1.11 13:36:21
839 597 62.49 121.48 1.96 13:36:21
840 674 24.65 23.27 0.94 13:36:21
841 598 62.5 121.48 1.79 13:36:22
842 675 24.66 23.27 1.02 13:36:22
843 599 62.49 121.48 2.64 13:36:22
844 676 24.66 23.27 1.28 13:36:22
845 600 62.49 121.48 1.53 13:36:23
846 677 24.65 23.27 0.34 13:36:23
847 601 62.51 121.48 1.87 13:36:23
848 678 24.66 23.27 1.28 13:36:23
849 602 62.51 121.48 1.79 13:36:24
850 679 24.66 23.27 0.68 13:36:24
851 603 62.5 121.48 1.87 13:36:24
852 680 24.66 23.27 1.11 13:36:24
853 604 62.49 121.48 2.38 13:36:25
854 681 24.67 23.27 0.6 13:36:25
855 605 62.51 121.48 1.11 13:36:25
856 682 24.67 23.27 1.02 13:36:25
857 606 62.51 121.48 1.96 13:36:26
858 683 24.66 23.27 1.11 13:36:26
859 607 62.51 121.48 1.45 13:36:26
860 684 24.66 23.27 0.77 13:36:26
861 608 62.51 121.48 1.79 13:36:27
862 685 24.67 23.27 1.19 13:36:27
863 609 62.53 121.48 1.87 13:36:27
864 686 24.68 23.27 0.85 13:36:27
865 687 24.68 23.27 1.19 13:36:28
866 610 62.53 121.48 1.45 13:36:28
867 611 62.53 121.48 1.96 13:36:28
868 688 24.68 23.27 1.11 13:36:28
869 612 62.52 121.48 1.62 13:36:29
870 689 24.69 23.27 0.85 13:36:29
871 613 62.53 121.48 2.38 13:36:29
872 690 24.68 23.27 1.28 13:36:29
873 614 62.53 121.48 1.7 13:36:30
874 691 24.68 23.27 0.94 13:36:30
875 615 62.54 121.48 1.7 13:36:30
876 692 24.68 23.27 1.36 13:36:30
877 616 62.55 121.48 2.21 13:36:31
878 693 24.69 23.27 0.51 13:36:31
879 617 24.69 23.27 1.11 13:36:31
880 694 24.69 23.27 1.11 13:36:31
881 618 62.55 121.48 1.87 13:36:32
882 695 24.7 23.31 1.28 13:36:32
883 619 62.55 121.48 1.7 13:36:32
884 696 24.7 23.27 0.77 13:36:32
885 620 62.55 121.48 1.7 13:36:33
886 697 24.7 23.27 1.28 13:36:33
887 621 62.56 121.48 1.87 13:36:33
888 698 24.71 23.31 1.02 13:36:33
889 622 62.57 121.48 1.28 13:36:34
890 699 24.72 23.34 0.94 13:36:34
891 623 62.56 121.48 2.38 13:36:34
892 700 24.71 23.31 1.11 13:36:34
893 624 62.57 121.48 1.02 13:36:35
894 701 24.71 23.27 1.11 13:36:35
895 625 62.57 121.48 1.79 13:36:35
896 702 24.71 23.27 1.36 13:36:35
897 626 62.57 121.48 1.02 13:36:36
898 703 24.71 23.27 0.77 13:36:36
899 627 62.58 121.48 1.62 13:36:36
900 704 24.71 23.27 1.28 13:36:36
901 628 62.57 121.48 2.21 13:36:37
902 705 24.72 23.31 1.19 13:36:37
903 629 62.58 121.48 1.19 13:36:37
904 706 24.72 23.31 0.94 13:36:37
905 630 62.59 121.48 2.3 13:36:38
906 707 24.72 23.27 1.36 13:36:38
907 631 62.57 121.48 0.94 13:36:38
908 708 24.73 23.27 0.94 13:36:38
909 708 24.73 23.27 0.94 13:36:38
910 632 62.57 121.48 1.36 13:36:39
911 709 24.74 23.31 1.19 13:36:39
912 633 62.58 121.48 1.79 13:36:39
913 710 24.73 23.27 0.77 13:36:39
914 634 62.59 121.48 0.94 13:36:40
915 711 24.74 23.31 1.02 13:36:40
916 635 62.59 121.48 1.7 13:36:40
917 712 24.74 23.27 1.19 13:36:40
918 636 62.59 121.48 0.94 13:36:41
919 713 24.73 23.31 0.68 13:36:41
920 637 62.6 121.48 1.53 13:36:41
921 714 24.74 23.31 1.11 13:36:41
922 638 62.59 121.48 1.87 13:36:42
923 715 24.75 23.34 0.85 13:36:42
924 639 62.61 121.48 0.6 13:36:42
925 716 24.74 23.34 0.85 13:36:42
926 640 62.59 121.48 2.04 13:36:43
927 717 24.75 23.34 0.94 13:36:43
928 641 62.6 121.48 0.77 13:36:43
929 718 24.75 23.34 0.68 13:36:43
930 642 62.6 121.48 1.79 13:36:44
931 719 24.75 23.34 1.11 13:36:44
932 643 62.59 121.48 1.19 13:36:44
933 720 24.75 23.34 0.68 13:36:44
934 644 62.6 121.48 1.28 13:36:45
935 721 24.76 23.34 1.28 13:36:45
936 645 62.61 121.48 1.53 13:36:45
937 722 24.76 23.34 0.94 13:36:45
938 646 62.6 121.48 0.6 13:36:46
939 723 24.75 23.34 0.68 13:36:46
940 647 62.61 121.48 1.53 13:36:46
941 724 24.76 23.34 1.19 13:36:46
942 725 24.76 23.34 0.77 13:36:47
943 648 62.62 121.48 1.7 13:36:47
944 649 62.62 121.48 1.11 13:36:47
945 726 24.76 23.34 1.11 13:36:47
946 650 62.61 121.48 1.87 13:36:48
947 727 24.77 23.34 0.77 13:36:48
948 651 62.61 121.48 0.85 13:36:48
949 728 24.77 23.34 0.68 13:36:48
950 652 62.61 121.48 1.7 13:36:49
951 729 24.77 23.34 1.11 13:36:49
952 730 24.78 23.34 0.68 13:36:49
953 653 62.61 121.48 1.19 13:36:49
954 654 62.63 121.48 1.62 13:36:50
955 731 24.77 23.34 1.11 13:36:50
956 655 62.64 121.48 1.62 13:36:50
957 732 24.78 23.34 1.02 13:36:50
958 656 62.63 121.48 1.53 13:36:51
959 733 24.78 23.34 0.68 13:36:51
960 657 62.63 121.48 2.72 13:36:51
961 734 24.79 23.34 1.11 13:36:51
962 658 62.64 121.48 0.6 13:36:52
963 735 24.78 23.34 0.6 13:36:52
964 659 62.64 121.48 1.53 13:36:52
965 736 24.78 23.34 1.11 13:36:52
966 660 62.65 121.48 1.79 13:36:53
967 737 24.78 23.34 0.85 13:36:53
968 661 62.65 121.48 1.87 13:36:53
969 738 24.78 23.34 0.77 13:36:53
970 662 62.63 121.48 2.13 13:36:54
971 739 24.79 23.34 0.85 13:36:54
972 663 62.66 121.48 0.77 13:36:54
973 740 24.79 23.34 0.68 13:36:54
974 664 62.65 121.48 2.38 13:36:55
975 741 24.79 23.34 1.28 13:36:55
976 665 62.64 121.48 1.36 13:36:55
977 742 24.8 23.31 0.77 13:36:55
978 666 62.65 121.48 1.53 13:36:56
979 743 24.8 23.27 1.11 13:36:56
980 667 62.65 121.48 1.96 13:36:56
981 744 24.8 23.31 1.11 13:36:56
982 668 62.66 121.48 0.85 13:36:57
983 745 24.8 23.31 0.77 13:36:57
984 669 62.67 121.48 1.79 13:36:57
985 746 24.79 23.27 1.19 13:36:57
986 670 62.67 121.48 1.36 13:36:58
987 747 24.8 23.27 0.77 13:36:58
988 671 62.67 121.48 1.53 13:36:58
989 748 24.81 23.27 1.11 13:36:58
990 749 24.81 23.27 0.94 13:36:59
991 672 62.67 121.48 1.62 13:36:59
992 673 62.67 121.48 0.77 13:36:59
993 750 24.81 23.27 0.94 13:36:59
994 674 62.68 121.48 2.3 13:37:0
995 751 24.82 23.27 1.11 13:37:0
996 675 62.67 121.48 1.53 13:37:0
997 752 24.81 23.24 0.77 13:37:0
998 676 62.67 121.48 1.87 13:37:1
999 753 24.81 23.24 1.45 13:37:1
1000 677 62.67 121.48 1.87 13:37:1
1001 754 24.82 23.24 0.85 13:37:1
1002 755 24.81 23.24 0.85 13:37:2
1003 678 62.67 121.48 1.28 13:37:2
1004 679 62.68 121.48 2.38 13:37:2
1005 756 24.82 23.21 1.19 13:37:2
1006 680 62.69 121.48 0.94 13:37:3
1007 757 24.82 23.21 0.68 13:37:3
1008 681 62.68 121.48 1.87 13:37:3
1009 758 24.81 23.21 1.36 13:37:3
1010 682 62.69 121.48 1.53 13:37:4
1011 759 24.81 23.21 0.68 13:37:4
1012 683 62.69 121.48 1.53 13:37:4
1013 760 24.82 23.21 1.02 13:37:4
1014 684 62.7 121.48 2.47 13:37:5
1015 761 24.83 23.21 1.02 13:37:5
1016 685 62.69 121.48 0.77 13:37:5
1017 762 24.82 23.21 1.02 13:37:5
1018 686 62.7 121.48 1.96 13:37:6
1019 763 24.83 23.21 1.36 13:37:6
1020 687 62.71 121.48 1.19 13:37:6
1021 764 24.82 23.21 1.02 13:37:6
1022 765 24.83 23.21 1.11 13:37:7
1023 688 62.7 121.48 1.7 13:37:7
1024 689 62.7 121.48 1.87 13:37:7
1025 766 24.83 23.21 1.28 13:37:7
1026 767 24.85 23.21 0.77 13:37:8
1027 690 62.71 121.48 0.94 13:37:8
1028 512 24.84 23.21 1.19 13:37:8
1029 768 24.84 23.21 1.19 13:37:8
1030 692 62.71 121.48 1.28 13:37:9
1031 769 24.84 23.17 0.85 13:37:9
1032 693 62.71 121.48 1.79 13:37:9
1033 770 24.85 23.17 1.11 13:37:9
1034 694 62.71 121.48 1.7 13:37:10
1035 771 24.84 23.21 0.85 13:37:10
1036 695 62.71 121.48 1.53 13:37:10
1037 772 24.85 23.14 1.02 13:37:10
1038 696 62.72 121.48 2.04 13:37:11
1039 773 24.85 23.14 1.19 13:37:11
1040 697 62.72 121.48 0.85 13:37:11
1041 774 24.84 23.14 0.68 13:37:11
1042 698 62.71 121.48 1.62 13:37:12
1043 775 24.86 23.14 1.11 13:37:12
1044 699 62.72 121.48 1.45 13:37:12
1045 776 24.85 23.14 0.77 13:37:12
1046 700 62.72 121.48 1.45 13:37:13
1047 777 24.86 23.14 0.85 13:37:13
1048 701 62.73 121.48 1.53 13:37:13
1049 778 24.86 23.14 1.11 13:37:13
1050 702 62.74 121.48 1.36 13:37:14
1051 779 24.86 23.14 0.77 13:37:14
1052 703 62.72 121.48 2.55 13:37:14
1053 780 24.86 23.14 1.11 13:37:14
1054 704 62.72 121.48 1.28 13:37:15
1055 781 24.86 23.1 0.77 13:37:15
1056 705 62.74 121.48 1.45 13:37:15
1057 782 24.87 23.1 1.02 13:37:15
1058 706 62.73 121.48 1.87 13:37:16
1059 783 24.87 23.14 1.02 13:37:16
1060 707 62.75 121.48 0.94 13:37:16
1061 784 24.88 23.14 0.6 13:37:16
1062 708 62.74 121.48 2.64 13:37:17
1063 785 24.88 23.07 1.28 13:37:17
1064 709 62.74 121.48 1.36 13:37:17
1065 786 24.89 23.07 0.68 13:37:17
1066 710 62.75 121.48 1.7 13:37:18
1067 787 24.88 23.07 1.02 13:37:18
1068 788 24.89 23.07 1.11 13:37:18
1069 711 62.75 121.48 1.7 13:37:18
1070 712 62.75 121.48 0.6 13:37:19
1071 789 24.88 23.07 0.77 13:37:19
1072 713 62.76 121.48 1.62 13:37:19
1073 790 24.89 23.07 1.02 13:37:19
1074 714 62.75 121.48 1.62 13:37:20
1075 791 24.9 23.07 0.77 13:37:20
1076 715 62.75 121.48 1.53 13:37:20
1077 792 24.89 23.07 1.11 13:37:20
1078 716 62.74 121.48 1.7 13:37:21
1079 793 24.9 23.07 0.94 13:37:21
1080 717 62.76 121.48 1.62 13:37:21
1081 794 24.9 23.07 0.77 13:37:21
1082 718 62.76 121.48 1.87 13:37:22
1083 795 24.9 23.07 1.19 13:37:22
1084 719 62.78 121.48 1.45 13:37:22
1085 796 24.91 23.07 0.85 13:37:22
1086 720 62.77 121.48 1.7 13:37:23
1087 797 24.9 23.07 1.11 13:37:23
1088 721 62.77 121.48 1.45 13:37:23
1089 798 24.91 23.07 1.02 13:37:23
1090 722 62.75 121.48 1.28 13:37:24
1091 799 24.91 23.07 0.77 13:37:24
1092 723 62.77 121.48 2.47 13:37:24
1093 800 24.92 23.03 1.28 13:37:24
1094 801 24.92 23.07 0.43 13:37:25
1095 724 62.77 121.48 1.36 13:37:25
1096 802 24.92 23.07 1.11 13:37:25
1097 725 62.77 121.48 1.87 13:37:25
1098 726 62.78 121.48 1.7 13:37:26
1099 803 24.92 23.07 0.85 13:37:26
1100 727 62.78 121.48 1.53 13:37:26
1101 804 24.92 23.03 0.85 13:37:26
1102 728 62.77 121.48 1.79 13:37:27
1103 805 24.92 23.0 1.02 13:37:27
1104 729 62.78 121.48 1.62 13:37:27
1105 806 24.93 23.0 0.68 13:37:27
1106 730 62.79 121.48 2.3 13:37:28
1107 807 24.93 23.0 1.19 13:37:28
1108 731 62.78 121.48 1.36 13:37:28
1109 808 24.93 23.0 0.85 13:37:28
1110 732 62.79 121.48 1.87 13:37:29
1111 809 24.92 23.0 0.77 13:37:29
1112 733 62.8 121.48 1.7 13:37:29
1113 810 24.93 23.0 1.11 13:37:29
1114 734 62.81 121.48 0.34 13:37:30
1115 811 24.94 23.0 0.68 13:37:30
1116 735 62.79 121.48 1.7 13:37:30
1117 812 24.93 22.96 1.02 13:37:30
1118 736 62.8 121.48 1.36 13:37:31
1119 813 24.94 23.0 0.94 13:37:31
1120 737 62.79 121.48 1.19 13:37:31
1121 814 24.93 22.93 0.68 13:37:31
1122 738 62.81 121.48 1.79 13:37:32
1123 815 24.94 22.96 0.85 13:37:32
1124 739 62.81 121.48 1.02 13:37:32
1125 816 24.94 22.96 0.77 13:37:32
1126 740 63.34 22.93 1.02 13:37:33
1127 817 24.94 22.93 1.02 13:37:33
1128 741 62.82 121.48 1.53 13:37:33
1129 818 24.94 22.93 0.94 13:37:33
1130 819 24.93 22.93 0.77 13:37:34
1131 742 62.81 121.48 1.45 13:37:34
1132 743 62.82 121.48 2.04 13:37:34
1133 820 24.95 22.93 0.85 13:37:34
1134 821 24.96 22.93 0.6 13:37:35
1135 744 62.82 121.48 1.45 13:37:35
1136 822 24.95 22.93 1.11 13:37:35
1137 745 62.81 121.48 0.68 13:37:35
1138 746 62.82 121.48 1.53 13:37:36
1139 823 24.94 22.93 0.34 13:37:36
1140 747 62.81 121.48 1.36 13:37:36
1141 824 24.95 22.93 0.77 13:37:36
1142 748 62.82 121.48 2.3 13:37:37
1143 825 24.96 22.93 1.02 13:37:37
1144 826 24.96 22.93 0.6 13:37:37
1145 749 62.82 121.48 1.36 13:37:37
1146 750 62.82 121.48 1.62 13:37:38
1147 827 24.96 22.93 1.11 13:37:38
1148 751 62.83 121.48 1.36 13:37:38
1149 828 24.97 22.93 0.85 13:37:38
1150 752 62.83 121.48 0.94 13:37:39
1151 829 24.96 22.93 0.85 13:37:39
1152 753 62.83 121.48 2.3 13:37:39
1153 830 24.97 22.93 1.11 13:37:39
1154 754 62.83 121.48 1.28 13:37:40
1155 831 24.97 22.93 0.6 13:37:40
1156 755 62.84 121.48 1.62 13:37:40
1157 832 24.98 22.93 1.28 13:37:40
1158 756 62.83 121.48 0.51 13:37:41
1159 833 24.97 22.93 0.77 13:37:41
1160 757 62.84 121.48 1.28 13:37:41
1161 834 24.97 22.93 0.94 13:37:41
1162 758 62.85 121.48 1.7 13:37:42
1163 835 24.97 22.93 1.02 13:37:42
1164 759 62.85 121.48 0.94 13:37:42
1165 836 24.97 22.93 0.68 13:37:42
1166 760 62.85 121.48 1.36 13:37:43
1167 837 24.97 22.93 1.02 13:37:43
1168 761 62.85 121.48 1.11 13:37:43
1169 838 24.97 22.93 0.6 13:37:43
1170 762 62.85 121.48 1.62 13:37:44
1171 839 24.98 22.93 0.77 13:37:44
1172 763 62.85 121.48 1.96 13:37:44
1173 840 24.99 22.93 1.36 13:37:44
1174 841 24.98 22.93 0.51 13:37:45
1175 764 62.85 121.48 1.36 13:37:45
1176 765 62.85 121.48 1.7 13:37:45
1177 842 24.99 22.93 1.11 13:37:45
1178 766 62.85 121.48 1.45 13:37:46
1179 843 24.99 22.93 0.51 13:37:46
1180 844 24.98 22.93 0.85 13:37:46
1181 767 62.85 121.48 1.53 13:37:46
1182 768 62.86 121.48 2.04 13:37:47
1183 845 24.99 22.93 1.11 13:37:47
1184 769 62.85 121.48 0.77 13:37:47
1185 846 24.99 22.93 0.68 13:37:47
1186 770 62.87 121.48 1.62 13:37:48
1187 847 25.0 22.9 0.6 13:37:48
1188 848 25.0 22.93 0.94 13:37:48
1189 771 62.85 121.48 1.19 13:37:48
1190 772 62.87 121.48 1.36 13:37:49
1191 849 25.0 22.93 0.68 13:37:49
1192 850 25.0 22.93 0.94 13:37:49
1193 773 62.85 121.48 2.21 13:37:49
1194 774 62.86 121.48 1.45 13:37:50
1195 851 25.0 22.9 0.6 13:37:50
1196 852 25.01 22.93 1.11 13:37:50
1197 775 62.85 121.48 2.47 13:37:50
1198 776 62.87 121.48 1.7 13:37:51
1199 853 25.0 22.93 1.02 13:37:51
1200 777 62.86 121.48 1.62 13:37:51
1201 854 25.0 22.93 0.94 13:37:51
1202 778 62.88 121.48 1.79 13:37:52
1203 855 25.01 22.9 0.85 13:37:52
1204 779 62.87 121.48 1.11 13:37:52
1205 856 25.02 22.93 0.68 13:37:52
1206 780 62.88 121.48 1.87 13:37:53
1207 857 25.02 22.9 1.28 13:37:53
1208 781 62.88 121.48 1.02 13:37:53
1209 858 25.02 22.9 0.85 13:37:53
1210 782 62.87 119.92 0.94 13:37:54
1211 859 25.02 22.9 0.94 13:37:54
1212 860 25.02 22.9 1.02 13:37:54
1213 783 62.89 121.48 2.3 13:37:54
1214 861 25.03 22.86 0.77 13:37:55
1215 784 62.88 121.48 1.45 13:37:55
1216 785 62.89 121.48 1.87 13:37:55
1217 862 25.02 22.86 1.11 13:37:55
1218 786 62.89 121.48 0.85 13:37:56
1219 863 25.02 22.9 0.85 13:37:56
1220 787 62.89 121.48 1.79 13:37:56
1221 864 25.02 22.86 1.11 13:37:56
1222 788 62.89 121.48 1.87 13:37:57
1223 865 25.03 22.86 1.02 13:37:57
1224 789 62.9 121.48 1.11 13:37:57
1225 866 25.02 22.86 0.77 13:37:57
1226 790 62.89 121.48 2.3 13:37:58
1227 867 25.04 22.86 1.19 13:37:58
1228 791 62.88 121.48 1.53 13:37:58
1229 868 25.03 22.86 0.85 13:37:58
1230 792 62.89 121.48 1.96 13:37:59
1231 869 25.03 22.86 1.62 13:37:59
1232 793 62.89 121.48 1.79 13:37:59
1233 870 25.03 22.86 1.11 13:37:59
1234 871 25.03 22.83 0.77 13:38:0
1235 794 62.89 121.48 1.36 13:38:0
1236 795 62.91 121.48 2.3 13:38:0
1237 872 25.03 22.79 1.28 13:38:0
1238 796 62.88 121.48 1.28 13:38:1
1239 873 25.04 22.79 0.85 13:38:1
1240 797 62.89 121.48 1.11 13:38:1
1241 874 25.04 22.79 1.02 13:38:1
1242 875 25.04 22.83 1.11 13:38:2
1243 798 62.91 121.48 1.53 13:38:2
1244 799 62.9 121.48 0.77 13:38:2
1245 876 25.05 22.83 0.77 13:38:2
1246 800 62.89 121.48 2.13 13:38:3
1247 877 25.04 22.79 1.11 13:38:3
1248 801 62.9 121.48 1.02 13:38:3
1249 878 25.04 22.83 0.68 13:38:3
1250 802 62.9 121.48 1.62 13:38:4
1251 879 25.04 22.79 1.11 13:38:4
1252 803 62.92 121.48 1.36 13:38:4
1253 880 25.06 22.83 1.02 13:38:4
1254 804 62.91 121.48 1.45 13:38:5
1255 881 25.05 22.79 0.94 13:38:5
1256 805 62.92 121.48 1.96 13:38:5
1257 882 25.06 22.83 1.19 13:38:5
1258 883 25.05 22.83 0.77 13:38:6
1259 806 62.91 121.48 1.02 13:38:6
1260 807 62.91 121.48 1.53 13:38:6
1261 884 25.05 22.83 1.11 13:38:6
1262 808 62.91 121.48 1.11 13:38:7
1263 885 25.05 22.79 0.77 13:38:7
1264 809 62.91 121.48 1.53 13:38:7
1265 886 25.06 22.83 0.68 13:38:7
1266 810 62.91 121.48 1.62 13:38:8
1267 887 25.06 22.79 1.28 13:38:8
1268 888 25.06 22.79 0.6 13:38:8
1269 811 62.91 121.48 0.85 13:38:8
1270 812 62.93 121.48 1.53 13:38:9
1271 889 25.06 22.79 1.19 13:38:9
1272 813 62.94 121.48 0.43 13:38:9
1273 890 25.07 22.79 0.51 13:38:9
1274 814 62.93 121.48 1.53 13:38:10
1275 891 25.07 22.79 1.19 13:38:10
1276 892 25.08 22.79 0.77 13:38:10
1277 815 62.93 121.48 1.53 13:38:10
1278 816 62.93 121.48 0.68 13:38:11
1279 893 25.08 22.79 0.6 13:38:11
1280 817 62.93 121.48 1.96 13:38:11
1281 894 25.07 22.79 1.28 13:38:11
1282 895 25.08 22.79 0.68 13:38:12
1283 818 62.93 121.48 0.68 13:38:12
1284 819 62.92 121.48 1.62 13:38:12
1285 896 25.08 22.79 1.19 13:38:12
1286 820 62.93 121.48 1.45 13:38:13
1287 897 25.08 22.79 0.85 13:38:13
1288 821 62.94 121.48 1.28 13:38:13
1289 898 25.08 22.79 0.43 13:38:13
1290 899 25.09 22.79 1.28 13:38:14
1291 822 62.94 121.48 1.87 13:38:14
1292 900 25.09 22.79 0.6 13:38:14
1293 823 62.93 121.48 0.68 13:38:14
1294 824 62.94 121.48 1.45 13:38:15
1295 901 25.1 22.79 1.11 13:38:15
1296 825 62.94 121.48 1.36 13:38:15
1297 902 25.07 22.79 0.77 13:38:15
1298 826 62.95 121.48 1.45 13:38:16
1299 903 25.09 22.83 0.85 13:38:16
1300 904 25.1 22.83 1.11 13:38:16
1301 827 62.94 121.48 1.28 13:38:16
1302 905 25.1 22.83 0.68 13:38:17
1303 828 62.95 121.48 0.68 13:38:17
1304 829 62.94 121.48 1.19 13:38:17
1305 906 25.1 22.86 1.02 13:38:17
1306 907 25.1 22.86 0.77 13:38:18
1307 830 62.96 121.48 0.77 13:38:18
1308 908 25.1 22.86 1.28 13:38:18
1309 831 62.96 121.48 1.36 13:38:18
1310 832 62.98 121.48 1.79 13:38:19
1311 909 25.1 22.86 1.02 13:38:19
1312 910 25.11 22.86 0.68 13:38:19
1313 833 62.96 121.48 1.45 13:38:19
1314 834 62.95 121.48 2.04 13:38:20
1315 911 25.11 22.86 1.11 13:38:20
1316 912 25.11 22.86 0.77 13:38:20
1317 835 62.95 121.48 0.6 13:38:20
1318 836 62.95 121.48 1.7 13:38:21
1319 913 25.1 22.86 1.02 13:38:21
1320 837 62.95 121.48 1.53 13:38:21
1321 914 25.12 22.86 1.11 13:38:21
1322 915 25.11 22.9 0.85 13:38:22
1323 838 62.96 121.48 1.53 13:38:22
1324 916 25.12 22.86 1.28 13:38:22
1325 839 62.95 121.48 2.3 13:38:22
1326 917 25.12 22.86 0.85 13:38:23
1327 840 62.96 121.48 1.62 13:38:23
1328 841 62.96 121.48 1.79 13:38:23
1329 918 25.12 22.9 1.11 13:38:23
1330 842 62.95 121.48 1.53 13:38:24
1331 919 25.12 22.9 1.19 13:38:24
1332 843 62.96 121.48 1.45 13:38:24
1333 920 25.12 22.86 0.85 13:38:24
1334 921 25.12 22.86 1.19 13:38:25
1335 844 62.96 121.48 1.79 13:38:25
1336 845 62.97 121.48 0.85 13:38:25
1337 922 25.13 22.86 0.68 13:38:25
1338 846 62.96 121.48 2.55 13:38:26
1339 923 25.13 22.86 1.11 13:38:26
1340 924 25.12 22.86 0.85 13:38:26
1341 847 62.97 121.48 1.53 13:38:26
1342 925 25.12 22.86 0.94 13:38:27
1343 848 62.97 121.48 1.36 13:38:27
1344 926 25.12 22.86 1.02 13:38:27
1345 849 62.97 121.48 2.04 13:38:27
1346 850 62.97 121.48 0.94 13:38:28
1347 927 25.13 22.86 0.77 13:38:28
1348 928 25.13 22.9 1.19 13:38:28
1349 851 62.98 121.48 2.04 13:38:28
1350 852 62.99 121.48 2.13 13:38:29
1351 929 25.12 22.86 0.77 13:38:29
1352 930 25.13 22.86 1.53 13:38:29
1353 853 62.98 121.48 1.7 13:38:29
1354 854 62.98 121.48 1.96 13:38:30
1355 931 25.12 22.86 1.11 13:38:30
1356 855 62.98 121.48 1.62 13:38:30
1357 932 25.13 22.86 0.94 13:38:30
1358 856 62.98 121.48 2.47 13:38:31
1359 933 25.14 22.86 1.28 13:38:31
1360 857 62.99 121.48 1.62 13:38:31
1361 934 25.15 22.9 0.94 13:38:31
1362 935 25.14 22.9 0.94 13:38:32
1363 858 63.0 121.48 1.79 13:38:32
1364 859 62.99 121.48 1.7 13:38:32
1365 936 25.13 22.9 1.19 13:38:32
1366 860 62.99 121.48 1.53 13:38:33
1367 937 25.14 22.9 0.43 13:38:33
1368 861 63.0 121.48 2.13 13:38:33
1369 938 25.15 22.86 1.36 13:38:33
1370 862 62.99 121.48 0.94 13:38:34
1371 939 25.14 22.93 0.85 13:38:34
1372 863 62.99 121.48 1.79 13:38:34
1373 940 25.14 22.9 1.62 13:38:34
1374 864 63.0 121.48 1.53 13:38:35
1375 941 25.14 22.93 0.94 13:38:35
1376 942 25.15 22.93 0.94 13:38:35
1377 865 63.01 121.48 1.45 13:38:35
1378 943 25.15 22.86 1.28 13:38:36
1379 866 62.99 121.48 2.38 13:38:36
1380 867 63.0 121.48 1.36 13:38:36
1381 944 25.14 22.9 0.6 13:38:36
1382 868 63.0 121.48 1.87 13:38:37
1383 945 25.16 22.9 0.68 13:38:37
1384 946 25.16 22.93 1.02 13:38:37
1385 869 63.01 121.48 1.53 13:38:37
1386 870 63.01 121.48 1.62 13:38:38
1387 947 25.16 22.86 0.94 13:38:38
1388 871 63.01 121.48 1.87 13:38:38
1389 948 25.16 22.9 1.45 13:38:38
1390 872 63.0 121.48 1.11 13:38:39
1391 949 25.15 22.86 0.6 13:38:39
1392 950 25.17 22.9 1.11 13:38:39
1393 873 63.01 121.48 1.87 13:38:39
1394 951 25.16 22.86 0.77 13:38:40
1395 874 63.01 121.48 1.62 13:38:40
1396 875 63.03 121.48 1.36 13:38:40
1397 952 25.16 22.93 0.94 13:38:40
1398 876 63.03 121.48 1.79 13:38:41
1399 953 25.16 22.93 1.02 13:38:41
1400 954 25.16 22.86 0.68 13:38:41
1401 877 63.02 121.48 1.19 13:38:41
1402 878 63.02 121.48 1.96 13:38:42
1403 955 25.16 22.86 1.45 13:38:42
1404 879 63.01 121.48 1.53 13:38:42
1405 956 25.16 22.86 0.77 13:38:42
1406 880 63.02 121.48 1.79 13:38:43
1407 957 25.18 22.86 0.94 13:38:43
1408 958 25.17 22.86 1.19 13:38:43
1409 881 63.02 121.48 1.62 13:38:43
1410 959 25.18 22.86 0.68 13:38:44
1411 882 63.02 121.48 0.6 13:38:44
1412 883 63.02 121.48 1.53 13:38:44
1413 960 25.17 22.79 0.85 13:38:44
1414 961 25.18 22.79 0.94 13:38:45
1415 884 63.02 121.48 1.36 13:38:45
1416 885 63.03 121.48 1.28 13:38:45
1417 962 25.17 22.79 0.94 13:38:45
1418 963 25.17 22.76 1.11 13:38:46
1419 886 63.02 121.48 1.45 13:38:46
1420 964 25.17 22.72 0.85 13:38:46
1421 887 63.02 121.48 0.68 13:38:46
1422 965 25.18 22.72 1.19 13:38:47
1423 888 63.03 121.48 2.3 13:38:47
1424 966 25.18 22.72 0.77 13:38:47
1425 889 63.03 121.48 1.19 13:38:47
1426 890 63.02 121.48 1.62 13:38:48
1427 967 25.18 22.72 0.94 13:38:48
1428 891 63.03 121.48 1.28 13:38:48
1429 968 25.18 22.72 1.11 13:38:48
1430 969 25.18 22.72 0.68 13:38:49
1431 892 63.04 121.48 0.85 13:38:49
1432 970 25.18 22.72 1.19 13:38:49
1433 893 63.04 121.48 1.62 13:38:49
1434 971 25.18 22.72 0.77 13:38:50
1435 894 63.05 121.48 1.36 13:38:50
1436 895 63.04 121.48 1.62 13:38:50
1437 972 25.19 22.69 1.02 13:38:50
1438 973 25.19 22.72 0.94 13:38:51
1439 896 63.05 121.48 1.28 13:38:51
1440 974 25.19 22.69 0.77 13:38:51
1441 897 63.05 121.48 0.85 13:38:51
1442 898 63.04 121.48 2.38 13:38:52
1443 975 25.19 22.69 1.11 13:38:52
1444 899 63.04 121.48 0.68 13:38:52
1445 976 25.19 22.69 0.85 13:38:52
1446 900 63.05 121.48 1.62 13:38:53
1447 977 25.19 22.72 0.94 13:38:53
1448 901 63.05 121.48 1.28 13:38:53
1449 978 25.21 22.72 0.94 13:38:53
1450 979 25.19 22.69 0.68 13:38:54
1451 902 63.06 121.48 1.36 13:38:54
1452 980 25.19 22.72 1.28 13:38:54
1453 903 63.05 121.48 1.62 13:38:54
1454 904 63.05 121.48 1.53 13:38:55
1455 981 25.2 22.69 0.85 13:38:55
1456 905 63.05 121.48 1.45 13:38:55
1457 982 25.21 22.69 1.02 13:38:55
1458 906 63.05 121.48 1.45 13:38:56
1459 983 25.2 22.72 0.85 13:38:56
1460 907 63.05 121.48 1.45 13:38:56
1461 984 25.2 22.72 0.77 13:38:56
1462 908 63.06 121.48 1.19 13:38:57
1463 985 25.21 22.65 1.11 13:38:57
1464 986 25.21 22.65 0.77 13:38:57
1465 909 63.06 121.48 1.28 13:38:57
1466 910 63.05 121.48 1.62 13:38:58
1467 987 25.22 22.69 0.94 13:38:58
1468 911 63.06 121.48 1.53 13:38:58
1469 988 25.21 22.72 1.11 13:38:58
1470 989 25.21 22.69 0.6 13:38:59
1471 912 63.05 121.48 1.02 13:38:59
1472 913 63.06 121.48 1.36 13:38:59
1473 990 25.22 22.72 1.11 13:38:59
1474 914 63.06 121.48 0.68 13:39:0
1475 991 25.21 22.65 0.77 13:39:0
1476 915 63.06 121.48 1.53 13:39:0
1477 992 25.22 22.72 0.85 13:39:0
1478 916 63.08 121.48 1.36 13:39:1
1479 993 25.22 22.69 0.94 13:39:1
1480 917 63.06 121.48 1.45 13:39:1
1481 994 25.22 22.69 0.68 13:39:1
1482 995 25.22 22.69 0.85 13:39:2
1483 918 63.07 121.48 1.87 13:39:2
1484 996 25.23 22.69 0.85 13:39:2
1485 919 63.08 121.48 1.02 13:39:2
1486 997 25.23 22.65 0.68 13:39:3
1487 920 63.06 121.48 1.53 13:39:3
1488 998 25.23 22.65 1.19 13:39:3
1489 921 63.07 121.48 1.62 13:39:3
1490 999 25.23 22.69 0.68 13:39:4
1491 922 63.07 121.48 0.68 13:39:4
1492 923 63.07 121.48 1.62 13:39:4
1493 1000 25.23 22.65 1.19 13:39:4
1494 924 63.07 121.48 0.85 13:39:5
1495 1001 25.23 22.69 0.85 13:39:5
1496 1002 25.23 22.69 0.77 13:39:5
1497 925 63.06 121.48 1.62 13:39:5
1498 1003 25.23 22.69 1.36 13:39:6
1499 926 63.07 121.48 1.87 13:39:6
1500 1004 25.24 22.72 0.68 13:39:6
1501 927 63.08 121.48 0.77 13:39:6
1502 928 63.08 121.48 1.62 13:39:7
1503 1005 25.24 22.72 1.11 13:39:7
1504 1006 25.24 22.72 0.77 13:39:7
1505 929 63.07 121.48 1.36 13:39:7
1506 930 63.1 121.48 1.53 13:39:8
1507 1007 25.24 22.72 1.19 13:39:8
1508 931 63.06 121.48 1.36 13:39:8
1509 1008 25.24 22.72 1.19 13:39:8
1510 932 63.08 121.48 1.45 13:39:9
1511 1009 25.24 22.72 0.85 13:39:9
1512 1010 25.24 22.72 0.94 13:39:9
1513 933 63.07 121.48 1.79 13:39:9
1514 1011 25.24 22.72 1.02 13:39:10
1515 934 63.09 121.48 1.19 13:39:10
1516 1012 25.24 22.79 1.19 13:39:10
1517 935 63.09 121.48 1.45 13:39:10
1518 936 63.09 121.48 2.04 13:39:11
1519 1013 25.25 22.76 1.11 13:39:11
1520 937 63.1 22.76 0.77 13:39:11
1521 1014 25.24 22.76 0.77 13:39:11
1522 938 63.1 121.48 2.64 13:39:12
1523 1015 25.24 22.79 1.19 13:39:12
1524 1016 25.24 22.72 0.51 13:39:12
1525 939 63.09 121.48 0.85 13:39:12
1526 1017 25.24 22.76 1.11 13:39:13
1527 940 63.1 121.48 1.53 13:39:13
1528 941 63.09 121.48 1.53 13:39:13
1529 1018 25.26 22.79 1.28 13:39:13
1530 1019 25.24 22.72 0.77 13:39:14
1531 942 63.1 121.48 1.53 13:39:14
1532 1020 25.25 22.76 1.11 13:39:14
1533 943 63.1 121.48 1.62 13:39:14
1534 1021 25.25 22.79 1.02 13:39:15
1535 944 63.09 121.48 1.53 13:39:15
1536 945 63.1 121.48 1.87 13:39:15
1537 1022 25.25 22.79 1.11 13:39:15
1538 1023 25.25 22.79 1.19 13:39:16
1539 946 63.1 121.48 1.79 13:39:16
1540 1024 25.25 22.76 0.85 13:39:16
1541 947 63.09 121.48 1.02 13:39:16
1542 948 63.09 121.48 1.96 13:39:17
1543 1025 25.25 22.79 1.11 13:39:17
1544 1026 25.25 22.79 0.77 13:39:17
1545 949 63.09 121.48 1.36 13:39:17
1546 1027 25.25 22.79 0.94 13:39:18
1547 950 63.1 121.48 1.62 13:39:18
1548 1028 25.26 22.79 1.28 13:39:18
1549 951 63.1 121.48 2.13 13:39:18
1550 1029 25.27 22.79 0.09 13:39:19
1551 952 63.1 121.48 1.02 13:39:19
1552 1030 25.25 22.79 1.11 13:39:19
1553 953 63.1 121.48 1.87 13:39:19
1554 954 63.1 121.48 1.53 13:39:20
1555 1031 25.26 22.79 0.85 13:39:20
1556 955 63.09 121.48 1.96 13:39:20
1557 1032 25.26 22.79 1.02 13:39:20
1558 956 63.11 121.48 1.53 13:39:21
1559 1033 25.26 22.79 0.85 13:39:21
1560 1034 25.27 22.76 0.6 13:39:21
1561 957 63.11 121.48 1.53 13:39:21
1562 1035 25.27 22.79 1.11 13:39:22
1563 958 63.11 121.48 1.7 13:39:22
1564 1036 25.27 22.79 0.77 13:39:22
1565 959 63.11 121.48 1.02 13:39:22
1566 1037 25.28 22.79 0.85 13:39:23
1567 960 63.1 121.48 1.87 13:39:23
1568 1038 25.27 22.79 1.28 13:39:23
1569 961 63.1 121.48 1.62 13:39:23
1570 1039 25.27 22.79 0.68 13:39:24
1571 962 63.11 121.48 1.19 13:39:24
1572 1040 25.28 22.79 1.19 13:39:24
1573 963 63.13 121.48 2.38 13:39:24
1574 964 63.11 121.48 1.28 13:39:25
1575 1041 25.28 22.76 0.85 13:39:25
1576 1042 25.28 22.76 0.94 13:39:25
1577 965 63.11 121.48 1.53 13:39:25
1578 1043 25.28 22.72 1.19 13:39:26
1579 966 63.11 121.48 1.7 13:39:26
1580 1044 25.29 22.76 0.77 13:39:26
1581 967 63.11 121.48 1.11 13:39:26
1582 1045 25.28 22.76 1.28 13:39:27
1583 968 63.13 121.48 2.55 13:39:27
1584 969 63.13 121.48 1.45 13:39:27
1585 1046 25.28 22.76 0.68 13:39:27
1586 1047 25.28 22.72 1.02 13:39:28
1587 970 63.12 121.48 1.79 13:39:28
1588 1048 25.27 22.72 1.02 13:39:28
1589 971 63.11 121.48 1.45 13:39:28
1590 972 63.12 121.48 1.19 13:39:29
1591 1049 25.29 22.72 0.68 13:39:29
1592 973 63.13 121.48 1.7 13:39:29
1593 1050 25.28 22.72 1.11 13:39:29
1594 1051 25.29 22.72 0.94 13:39:30
1595 974 63.12 121.48 0.94 13:39:30
1596 1052 25.29 22.72 0.77 13:39:30
1597 975 63.12 121.48 1.7 13:39:30
1598 976 63.13 121.48 1.45 13:39:31
1599 1053 25.29 22.72 1.19 13:39:31
1600 977 63.13 121.48 1.53 13:39:31
1601 1054 25.29 22.69 0.85 13:39:31
1602 978 63.12 121.48 0.94 13:39:32
1603 1055 25.29 22.69 1.28 13:39:32
1604 1056 25.3 22.69 0.85 13:39:32
1605 979 63.12 121.48 1.19 13:39:32
1606 980 63.13 121.48 1.87 13:39:33
1607 980 63.13 121.48 1.87 13:39:33
1608 1057 25.3 22.65 0.85 13:39:33
1609 981 63.13 121.48 0.85 13:39:33
1610 1058 25.3 22.62 1.02 13:39:33
1611 982 63.13 121.48 1.7 13:39:34
1612 1059 25.29 22.65 0.6 13:39:34
1613 1060 25.3 22.59 1.28 13:39:34
1614 983 63.13 121.48 1.53 13:39:34
1615 1061 25.3 22.59 0.94 13:39:35
1616 984 63.13 121.48 0.68 13:39:35
1617 1062 25.3 22.59 1.19 13:39:35
1618 985 63.15 121.48 1.87 13:39:35
1619 1063 25.3 22.59 0.85 13:39:36
1620 986 63.14 121.48 1.45 13:39:36
1621 1064 25.31 22.52 0.94 13:39:36
1622 987 63.13 121.48 1.45 13:39:36
1623 988 63.15 121.48 1.87 13:39:37
1624 1065 25.3 22.52 1.28 13:39:37
1625 1066 25.3 22.52 0.68 13:39:37
1626 989 63.15 121.48 1.53 13:39:37
1627 1067 25.32 22.52 1.11 13:39:38
1628 990 63.14 121.48 1.87 13:39:38
1629 1068 25.31 22.48 0.6 13:39:38
1630 991 63.15 121.48 1.62 13:39:38
1631 1069 25.32 22.48 1.02 13:39:39
1632 992 63.14 121.48 1.53 13:39:39
1633 1070 25.31 22.45 1.36 13:39:39
1634 993 63.15 121.48 1.53 13:39:39
1635 994 63.15 121.48 0.51 13:39:40
1636 1071 25.31 22.45 0.68 13:39:40
1637 1072 25.31 22.45 1.11 13:39:40
1638 995 63.15 121.48 1.62 13:39:40
1639 1073 25.31 22.45 0.68 13:39:41
1640 996 63.15 121.48 0.51 13:39:41
1641 1074 25.31 22.45 0.85 13:39:41
1642 997 63.15 121.48 1.53 13:39:41
1643 998 63.15 121.48 1.45 13:39:42
1644 1075 25.3 22.45 0.85 13:39:42
1645 999 63.17 121.48 1.7 13:39:42
1646 1076 25.32 22.45 0.68 13:39:42
1647 1077 25.31 22.45 1.28 13:39:43
1648 1000 63.15 121.48 1.45 13:39:43
1649 1078 25.32 22.45 0.77 13:39:43
1650 1001 63.16 121.48 0.6 13:39:43
1651 1002 63.15 121.48 2.21 13:39:44
1652 1079 25.32 22.45 1.28 13:39:44
1653 1003 63.16 121.48 0.77 13:39:44
1654 1080 25.32 22.45 1.02 13:39:44
1655 1081 25.32 22.45 0.77 13:39:45
1656 1004 63.17 121.48 1.62 13:39:45
1657 1082 25.31 22.45 1.11 13:39:45
1658 1005 63.16 121.48 1.28 13:39:45
1659 1083 25.32 22.45 0.77 13:39:46
1660 1006 63.17 121.48 1.19 13:39:46
1661 1007 63.16 121.48 2.13 13:39:46
1662 1084 25.33 22.45 0.94 13:39:46
1663 1008 63.17 121.48 0.77 13:39:47
1664 1085 25.33 22.45 0.51 13:39:47
1665 1086 25.32 22.48 0.77 13:39:47
1666 1009 63.16 121.48 1.53 13:39:47
1667 1010 63.19 121.48 1.62 13:39:48
1668 1087 25.32 22.48 1.11 13:39:48
1669 1088 25.33 22.52 0.6 13:39:48
1670 1011 63.17 121.48 1.36 13:39:48
1671 1012 63.17 121.48 2.13 13:39:49
1672 1089 25.32 22.52 0.94 13:39:49
1673 1013 63.18 121.48 0.6 13:39:49
1674 1090 25.33 22.52 0.77 13:39:49
1675 1014 63.18 121.48 1.62 13:39:50
1676 1091 25.33 22.52 1.28 13:39:50
1677 1015 63.18 121.48 1.53 13:39:50
1678 1092 25.34 22.52 1.02 13:39:50
1679 1016 63.19 121.48 1.45 13:39:51
1680 1093 25.34 22.52 0.68 13:39:51
1681 1017 63.17 121.48 1.53 13:39:51
1682 1094 25.33 22.52 1.19 13:39:51
1683 1018 63.17 121.48 1.36 13:39:52
1684 1095 25.34 22.52 0.77 13:39:52
1685 1096 25.33 22.52 1.02 13:39:52
1686 1019 63.2 121.48 2.13 13:39:52
1687 1020 63.19 121.48 1.45 13:39:53
1688 1097 25.33 22.52 1.02 13:39:53
1689 1021 63.18 121.48 1.7 13:39:53
1690 1098 25.34 22.52 0.85 13:39:53
1691 1022 63.2 121.48 1.45 13:39:54
1692 1099 25.34 22.52 1.28 13:39:54
1693 1100 25.34 22.52 0.77 13:39:54
1694 1023 63.19 121.48 1.19 13:39:54
1695 1024 63.19 121.48 2.38 13:39:55
1696 1101 25.34 22.52 1.28 13:39:55
1697 1025 63.19 121.48 0.6 13:39:55
1698 1102 25.34 22.55 0.85 13:39:55
1699 1026 63.19 121.48 1.7 13:39:56
1700 1103 25.34 22.55 0.94 13:39:56
1701 1104 25.35 22.55 1.36 13:39:56
1702 1027 63.19 121.48 1.28 13:39:56
1703 1105 25.36 22.59 0.6 13:39:57
1704 1028 63.2 121.48 1.19 13:39:57
1705 1029 63.19 121.48 2.21 13:39:57
1706 1106 25.35 22.52 1.19 13:39:57
1707 1107 25.35 22.59 0.77 13:39:58
1708 1030 63.21 121.48 1.11 13:39:58
1709 1108 25.36 22.55 0.94 13:39:58
1710 1031 63.2 121.48 1.96 13:39:58
1711 1032 63.21 121.48 1.53 13:39:59
1712 1109 25.36 22.55 0.85 13:39:59
1713 1033 63.19 121.48 1.45 13:39:59
1714 1110 25.36 22.59 0.77 13:39:59
1715 1111 25.36 22.59 1.28 13:40:0
1716 1034 63.2 121.48 1.11 13:40:0
1717 1035 63.2 121.48 0.51 13:40:0
1718 1112 25.36 22.59 0.77 13:40:0
1719 1036 63.22 22.59 0.77 13:40:1
1720 1113 25.36 22.59 0.77 13:40:1
1721 1037 63.2 121.48 1.28 13:40:1
1722 1114 25.36 22.59 0.85 13:40:1
1723 1038 63.21 121.48 1.62 13:40:2
1724 1115 25.36 22.59 0.51 13:40:2
1725 1116 25.36 22.59 1.19 13:40:2
1726 1039 63.21 121.48 1.62 13:40:2
1727 1040 63.21 121.48 0.77 13:40:3
1728 1117 25.36 22.59 0.77 13:40:3
1729 1118 25.37 22.59 1.02 13:40:3
1730 1041 63.2 121.48 1.62 13:40:3
1731 1119 25.37 22.59 1.11 13:40:4
1732 1042 63.21 121.48 1.36 13:40:4
1733 1043 63.21 121.48 1.62 13:40:4
1734 1120 25.36 22.59 0.68 13:40:4
1735 1121 25.37 22.59 1.19 13:40:5
1736 1044 63.21 121.48 1.28 13:40:5
1737 1122 25.38 22.59 0.68 13:40:5
1738 1045 63.21 121.48 0.94 13:40:5
1739 1123 25.37 22.59 1.11 13:40:6
1740 1046 63.21 121.48 2.13 13:40:6
1741 1124 25.37 22.59 1.02 13:40:6
1742 1047 63.21 121.48 1.36 13:40:6
1743 1048 63.21 121.48 1.45 13:40:7
1744 1125 25.37 22.59 0.85 13:40:7
1745 1126 25.37 22.59 1.19 13:40:7
1746 1049 63.22 121.48 1.53 13:40:7
1747 1127 25.38 22.59 0.77 13:40:8
1748 1050 63.22 121.48 1.36 13:40:8
1749 1128 25.38 22.59 1.28 13:40:8
1750 1051 63.23 121.48 2.55 13:40:8
1751 1129 25.37 22.59 1.02 13:40:9
1752 1052 63.23 121.48 1.19 13:40:9
1753 1130 25.37 22.55 0.85 13:40:9
1754 1053 63.23 121.48 1.62 13:40:9
1755 1131 25.36 22.59 1.19 13:40:10
1756 1054 63.24 121.48 1.7 13:40:10
1757 1055 63.24 121.48 0.43 13:40:10
1758 1132 25.38 22.55 0.77 13:40:10
1759 1133 25.37 22.59 1.28 13:40:11
1760 1056 63.23 121.48 2.47 13:40:11
1761 1134 25.38 22.55 0.85 13:40:11
1762 1057 63.24 121.48 1.45 13:40:11
1763 1135 25.38 22.55 0.77 13:40:12
1764 1058 63.23 121.48 1.53 13:40:12
1765 1136 25.38 22.59 1.11 13:40:12
1766 1059 63.24 121.48 1.62 13:40:12
1767 1137 25.38 22.55 0.68 13:40:13
1768 1060 63.24 121.48 1.11 13:40:13
1769 1138 25.38 22.55 1.02 13:40:13
1770 1061 63.25 121.48 2.38 13:40:13
1771 1062 63.25 121.48 1.53 13:40:14
1772 1139 25.39 22.55 1.02 13:40:14
1773 1063 63.23 121.48 2.13 13:40:14
1774 1140 25.39 22.52 0.85 13:40:14
1775 1141 25.38 22.52 1.19 13:40:15
1776 1064 63.25 121.48 1.36 13:40:15
1777 1142 25.4 22.52 0.68 13:40:15
1778 1065 63.23 121.48 0.85 13:40:15
1779 1066 63.23 121.48 1.96 13:40:16
1780 1143 25.39 22.52 1.02 13:40:16
1781 1067 63.25 121.48 0.94 13:40:16
1782 1144 25.39 22.52 0.94 13:40:16
1783 1145 25.4 22.52 0.85 13:40:17
1784 1068 63.24 121.48 1.53 13:40:17
1785 1146 25.4 22.52 1.11 13:40:17
1786 1069 63.25 121.48 1.11 13:40:17
1787 1147 25.39 22.52 0.6 13:40:18
1788 1070 63.25 121.48 1.36 13:40:18
1789 1148 25.39 22.48 1.11 13:40:18
1790 1071 63.25 121.48 1.79 13:40:18
1791 1072 63.25 121.48 1.28 13:40:19
1792 1149 25.4 22.52 0.77 13:40:19
1793 1150 25.4 22.52 0.85 13:40:19
1794 1073 63.24 121.48 1.87 13:40:19
1795 1074 63.25 121.48 1.53 13:40:20
1796 1151 25.4 22.48 1.19 13:40:20
1797 1075 63.26 121.48 1.7 13:40:20
1798 1152 25.39 22.52 0.77 13:40:20
1799 1153 25.39 22.52 1.11 13:40:21
1800 1076 63.25 121.48 1.96 13:40:21
1801 1154 25.4 22.45 0.51 13:40:21
1802 1077 63.25 121.48 1.45 13:40:21
1803 1155 25.4 22.52 0.94 13:40:22
1804 1078 63.25 121.48 1.79 13:40:22
1805 1156 25.4 22.48 1.02 13:40:22
1806 1079 63.26 121.48 1.87 13:40:22
1807 1080 63.26 121.48 1.62 13:40:23
1808 1157 25.41 22.52 0.6 13:40:23
1809 1081 63.25 121.48 1.87 13:40:23
1810 1158 25.4 22.45 1.02 13:40:23
1811 1159 25.39 22.45 0.85 13:40:24
1812 1082 63.26 121.48 1.62 13:40:24
1813 1083 63.26 121.48 1.53 13:40:24
1814 1160 25.41 22.45 0.94 13:40:24
1815 1161 25.41 22.41 1.02 13:40:25
1816 1084 63.27 121.48 1.45 13:40:25
1817 1162 25.41 22.45 0.6 13:40:25
1818 1085 63.26 121.48 1.53 13:40:25
1819 1086 63.26 121.48 1.7 13:40:26
1820 1163 25.4 22.45 1.11 13:40:26
1821 1087 63.26 121.48 1.7 13:40:26
1822 1164 25.4 22.41 0.77 13:40:26
1823 1088 63.25 121.48 2.3 13:40:27
1824 1165 25.4 22.45 0.85 13:40:27
1825 1166 25.42 22.38 1.02 13:40:27
1826 1089 63.25 121.48 1.53 13:40:27
1827 1167 25.42 22.38 0.68 13:40:28
1828 1090 63.27 121.48 1.7 13:40:28
1829 1168 25.41 22.38 1.02 13:40:28
1830 1091 63.28 121.48 1.79 13:40:28
1831 1092 63.27 121.48 1.28 13:40:29
1832 1169 25.42 22.41 0.85 13:40:29
1833 1093 63.27 121.48 1.79 13:40:29
1834 1170 25.42 22.38 0.85 13:40:29
1835 1094 63.27 121.48 1.28 13:40:30
1836 1171 25.42 22.38 0.94 13:40:30
1837 1172 25.42 22.38 0.68 13:40:30
1838 1095 63.26 121.48 1.7 13:40:30
1839 1173 25.42 22.41 1.19 13:40:31
1840 1096 63.25 121.48 1.62 13:40:31
1841 1174 25.43 22.38 0.77 13:40:31
1842 1097 63.27 121.48 1.45 13:40:31
1843 1175 25.42 22.38 0.85 13:40:32
1844 1098 63.26 121.48 2.3 13:40:32
1845 1176 25.43 22.38 0.85 13:40:32
1846 1099 63.27 121.48 1.45 13:40:32
1847 1177 25.43 22.38 0.94 13:40:33
1848 1100 63.26 121.48 1.53 13:40:33
1849 1178 25.43 22.34 1.36 13:40:33
1850 1101 63.26 121.48 1.11 13:40:33
1851 1179 25.44 22.38 0.77 13:40:34
1852 1102 63.27 121.48 1.36 13:40:34
1853 1180 25.43 22.31 1.02 13:40:34
1854 1103 63.27 121.48 2.3 13:40:34
1855 1181 25.44 22.31 1.02 13:40:35
1856 1104 63.27 121.48 1.36 13:40:35
1857 1105 63.26 121.48 1.7 13:40:35
1858 1182 25.44 22.31 0.68 13:40:35
1859 1183 25.43 22.28 1.19 13:40:36
1860 1106 63.26 121.48 1.53 13:40:36
1861 1184 25.44 22.31 0.68 13:40:36
1862 1107 63.27 121.48 1.45 13:40:36
1863 1185 25.43 22.28 1.28 13:40:37
1864 1108 63.27 121.48 2.38 13:40:37
1865 1186 25.44 22.24 0.77 13:40:37
1866 1109 63.28 121.48 0.68 13:40:37
1867 1187 25.44 22.28 1.02 13:40:38
1868 1110 63.27 121.48 1.45 13:40:38
1869 1188 25.44 22.24 1.11 13:40:38
1870 1111 63.28 121.48 1.28 13:40:38
1871 1189 25.44 22.24 0.68 13:40:39
1872 1112 63.28 121.48 1.36 13:40:39
1873 1190 25.44 22.24 1.11 13:40:39
1874 1113 63.28 121.48 2.04 13:40:39
1875 1191 25.44 22.24 0.85 13:40:40
1876 1114 63.29 121.48 0.77 13:40:40
1877 1192 25.44 22.24 0.94 13:40:40
1878 1115 63.29 121.48 1.7 13:40:40
1879 1193 25.45 22.21 1.02 13:40:41
1880 1116 63.28 121.48 1.45 13:40:41
1881 1194 25.44 22.21 0.77 13:40:41
1882 1117 63.29 121.48 1.53 13:40:41
1883 1195 25.44 22.17 1.28 13:40:42
1884 1118 63.27 121.48 1.53 13:40:42
1885 1196 25.44 22.17 0.68 13:40:42
1886 1119 63.28 121.48 1.02 13:40:42
1887 1197 25.45 22.17 0.94 13:40:43
1888 1120 63.29 121.48 2.3 13:40:43
1889 1198 25.45 22.17 1.02 13:40:43
1890 1121 63.3 121.48 1.45 13:40:43
1891 1122 63.29 121.48 1.87 13:40:44
1892 1199 25.45 22.17 0.68 13:40:44
1893 1200 25.46 22.17 1.11 13:40:44
1894 1123 63.28 121.48 1.19 13:40:44
1895 1201 25.45 22.14 0.51 13:40:45
1896 1124 63.29 121.48 1.53 13:40:45
1897 1202 25.45 22.1 1.19 13:40:45
1898 1125 63.29 121.48 2.04 13:40:45
1899 1203 25.46 22.1 0.77 13:40:46
1900 1126 63.29 121.48 1.36 13:40:46
1901 1204 25.45 22.03 0.94 13:40:46
1902 1127 63.29 121.48 1.45 13:40:46
1903 1205 25.46 22.03 1.11 13:40:47
1904 1128 63.29 121.48 1.53 13:40:47
1905 1206 25.45 22.03 0.68 13:40:47
1906 1129 63.29 121.48 1.62 13:40:47
1907 1207 25.45 22.03 1.19 13:40:48
1908 1130 63.28 121.48 1.79 13:40:48
1909 1208 25.46 22.0 0.94 13:40:48
1910 1131 63.28 121.48 1.45 13:40:48
1911 1209 25.47 21.96 1.19 13:40:49
1912 1132 63.28 121.48 2.21 13:40:49
1913 1210 25.46 21.96 0.94 13:40:49
1914 1133 63.29 121.48 0.85 13:40:49
1915 1211 25.47 21.96 0.94 13:40:50
1916 1134 63.29 121.48 1.79 13:40:50
1917 1212 25.47 21.96 1.02 13:40:50
1918 1135 63.29 121.48 1.62 13:40:50
1919 1213 25.47 21.96 0.85 13:40:51
1920 1136 63.29 121.48 1.79 13:40:51
1921 1137 63.29 121.48 1.45 13:40:51
1922 1214 25.47 21.96 1.28 13:40:51
1923 1215 25.47 21.96 0.77 13:40:52
1924 1138 63.29 121.48 1.36 13:40:52
1925 1216 25.46 21.96 0.85 13:40:52
1926 1139 63.29 121.48 2.38 13:40:52
1927 1217 25.48 21.96 0.85 13:40:53
1928 1140 63.28 121.48 0.85 13:40:53
1929 1218 25.47 22.0 1.02 13:40:53
1930 1141 63.29 121.48 2.38 13:40:53
1931 1219 25.48 22.03 1.19 13:40:54
1932 1142 63.29 121.48 1.53 13:40:54
1933 1220 25.48 22.03 0.85 13:40:54
1934 1143 63.28 121.48 1.87 13:40:54
1935 1221 25.48 22.03 1.28 13:40:55
1936 1144 63.29 121.48 1.87 13:40:55
1937 1222 25.46 22.03 0.85 13:40:55
1938 1145 63.29 121.48 1.7 13:40:55
1939 1223 25.48 22.07 1.11 13:40:56
1940 1146 63.3 121.48 1.53 13:40:56
1941 1224 25.48 22.03 0.85 13:40:56
1942 1147 63.29 121.48 0.77 13:40:56
1943 1225 25.48 22.03 1.02 13:40:57
1944 1148 63.29 121.48 2.3 13:40:57
1945 1226 25.48 22.07 1.11 13:40:57
1946 1149 63.29 121.48 1.53 13:40:57
1947 1227 25.48 22.1 0.77 13:40:58
1948 1150 63.28 121.48 1.79 13:40:58
1949 1228 25.49 22.1 1.19 13:40:58
1950 1151 63.29 121.48 1.53 13:40:58
1951 1229 25.48 22.1 0.85 13:40:59
1952 1152 63.29 121.48 1.28 13:40:59
1953 1230 25.48 22.1 1.11 13:40:59
1954 1153 63.29 121.48 2.3 13:40:59
1955 1231 25.49 22.1 1.02 13:41:0
1956 1154 63.29 121.48 0.6 13:41:0
1957 1232 25.5 22.1 0.85 13:41:0
1958 1155 63.29 121.48 1.96 13:41:0
1959 1233 25.49 22.1 1.36 13:41:1
1960 1156 63.3 121.48 1.7 13:41:1
1961 1157 63.29 121.48 1.7 13:41:1
1962 1234 25.49 22.1 0.77 13:41:1
1963 1235 25.5 22.1 1.11 13:41:2
1964 1158 63.29 121.48 1.7 13:41:2
1965 1236 25.49 22.1 0.85 13:41:2
1966 1159 63.29 121.48 1.62 13:41:2
1967 1237 25.49 22.14 1.11 13:41:3
1968 1160 63.3 121.48 2.38 13:41:3
1969 1238 25.5 22.17 0.94 13:41:3
1970 1161 63.3 121.48 0.77 13:41:3
1971 1162 63.29 121.48 1.96 13:41:4
1972 1239 25.5 22.1 0.77 13:41:4
1973 1240 25.49 22.1 0.94 13:41:4
1974 1163 63.29 121.48 1.11 13:41:4
1975 1241 25.5 22.14 0.68 13:41:5
1976 1164 63.3 121.48 1.87 13:41:5
1977 1165 63.29 121.48 1.79 13:41:5
1978 1242 25.51 22.17 1.19 13:41:5
1979 1242 25.51 22.17 1.19 13:41:5
1980 1243 25.49 22.1 0.77 13:41:6
1981 1166 63.28 121.48 1.62 13:41:6
1982 1167 63.3 121.48 2.38 13:41:6
1983 1244 25.5 22.1 1.11 13:41:6
1984 1245 25.5 22.14 1.02 13:41:7
1985 1168 63.29 121.48 1.19 13:41:7
1986 1246 25.5 22.1 0.94 13:41:7
1987 1169 63.3 121.48 2.38 13:41:7
1988 1247 25.51 22.1 1.11 13:41:8
1989 1170 63.29 121.48 1.53 13:41:8
1990 1248 25.5 22.14 0.77 13:41:8
1991 1171 63.29 121.48 1.87 13:41:8
1992 1249 25.51 22.1 1.28 13:41:9
1993 1172 63.3 121.48 1.87 13:41:9
1994 1250 25.5 22.17 1.11 13:41:9
1995 1173 63.29 121.48 1.62 13:41:9
1996 1251 25.51 22.14 0.85 13:41:10
1997 1174 63.3 121.48 2.38 13:41:10
1998 1252 25.51 22.14 1.11 13:41:10
1999 1175 63.3 121.48 1.28 13:41:10
2000 1176 63.3 121.48 1.79 13:41:11
2001 1253 25.51 22.17 0.94 13:41:11
2002 1254 25.51 22.17 1.28 13:41:11
2003 1177 63.31 121.48 0.43 13:41:11
2004 1255 25.52 22.17 0.77 13:41:12
2005 1178 63.31 121.48 1.7 13:41:12
2006 1179 63.31 121.48 2.13 13:41:12
2007 1256 25.52 22.17 1.28 13:41:12
2008 1180 63.31 121.48 1.62 13:41:13
2009 1257 25.52 22.17 0.85 13:41:13
2010 1258 25.51 22.17 1.28 13:41:13
2011 1181 63.31 121.48 1.96 13:41:13
2012 1259 25.52 22.17 1.02 13:41:14
2013 1182 63.3 121.48 1.62 13:41:14
2014 1260 25.52 22.17 0.77 13:41:14
2015 1183 63.31 121.48 1.96 13:41:14
2016 1261 25.52 22.17 1.36 13:41:15
2017 1184 63.3 121.48 1.62 13:41:15
2018 1185 63.32 121.48 2.04 13:41:15
2019 1262 25.52 22.24 0.68 13:41:15
2020 1263 25.52 22.21 1.28 13:41:16
2021 1186 63.31 121.48 1.62 13:41:16
2022 1264 25.52 22.24 0.85 13:41:16
2023 1187 63.31 121.48 1.62 13:41:16
2024 1265 25.52 22.24 1.11 13:41:17
2025 1188 63.3 121.48 2.55 13:41:17
2026 1266 25.52 22.24 1.11 13:41:17
2027 1189 63.31 121.48 1.7 13:41:17
2028 1267 25.52 22.24 0.6 13:41:18
2029 1190 63.31 121.48 1.87 13:41:18
2030 1268 25.52 22.24 1.28 13:41:18
2031 1191 63.3 121.48 1.7 13:41:18
2032 1269 25.52 22.28 0.85 13:41:19
2033 1192 63.31 121.48 1.7 13:41:19
2034 1270 25.52 22.24 1.11 13:41:19
2035 1193 63.31 121.48 1.87 13:41:19
2036 1271 25.52 22.24 0.94 13:41:20
2037 1194 63.31 121.48 1.19 13:41:20
2038 1272 25.53 22.28 1.11 13:41:20
2039 1195 63.32 121.48 2.21 13:41:20
2040 1273 25.53 22.28 1.02 13:41:21
2041 1196 63.31 121.48 1.62 13:41:21
2042 1274 25.53 22.31 0.94 13:41:21
2043 1197 63.31 121.48 2.04 13:41:21
2044 1275 25.53 22.28 1.28 13:41:22
2045 1198 63.32 121.48 1.79 13:41:22
2046 1276 25.52 22.24 0.85 13:41:22
2047 1199 63.32 121.48 2.21 13:41:22
2048 1277 25.52 22.31 1.11 13:41:23
2049 1277 25.52 22.31 1.11 13:41:23
2050 1200 63.33 121.48 2.3 13:41:23
2051 1278 25.52 22.31 0.6 13:41:23
2052 1201 63.31 121.48 0.6 13:41:23
2053 1279 25.52 22.31 1.02 13:41:24
2054 1202 63.31 121.48 1.96 13:41:24
2055 1280 25.53 22.28 0.94 13:41:24
2056 1203 63.33 121.48 1.87 13:41:24
2057 1281 25.53 22.31 0.85 13:41:25
2058 1204 63.31 121.48 2.04 13:41:25
2059 1282 25.53 22.28 1.19 13:41:25
2060 1205 63.32 121.48 1.96 13:41:25
2061 1283 25.53 22.31 0.85 13:41:26
2062 1206 63.33 121.48 1.79 13:41:26
2063 1207 63.33 121.48 2.3 13:41:26
2064 1284 25.53 22.31 1.02 13:41:26
2065 1285 25.54 22.31 0.85 13:41:27
2066 1208 63.31 121.48 1.11 13:41:27
2067 1286 25.53 22.31 0.77 13:41:27
2068 1209 63.33 121.48 1.87 13:41:27
2069 1287 25.53 22.31 1.19 13:41:28
2070 1210 63.33 121.48 1.62 13:41:28
2071 1288 25.53 22.31 0.85 13:41:28
2072 1211 63.32 121.48 1.79 13:41:28
2073 1289 25.53 22.31 1.19 13:41:29
2074 1212 63.33 121.48 1.79 13:41:29
2075 1290 25.53 22.31 1.28 13:41:29
2076 1213 63.32 121.48 1.62 13:41:29
2077 1291 25.54 22.31 1.02 13:41:30
2078 1214 63.32 121.48 2.55 13:41:30
2079 1292 25.54 22.31 1.11 13:41:30
2080 1215 63.32 121.48 1.62 13:41:30
2081 1293 25.54 22.31 0.68 13:41:31
2082 1216 63.32 121.48 2.72 13:41:31
2083 1294 25.54 22.31 1.28 13:41:31
2084 1217 63.33 121.48 1.87 13:41:31
2085 1295 25.53 22.31 0.85 13:41:32
2086 1218 63.32 121.48 1.7 13:41:32
2087 1296 25.55 22.31 1.11 13:41:32
2088 1219 63.33 121.48 2.13 13:41:32
2089 1297 25.55 22.31 1.11 13:41:33
2090 1220 63.33 121.48 0.77 13:41:33
2091 1298 25.54 22.31 0.85 13:41:33
2092 1221 63.33 121.48 1.28 13:41:33
2093 1222 63.33 121.48 1.62 13:41:34
2094 1299 25.54 22.31 1.28 13:41:34
2095 1300 25.54 22.31 0.43 13:41:34
2096 1223 63.33 121.48 1.79 13:41:34
2097 1301 25.54 22.31 1.19 13:41:35
2098 1224 63.33 121.48 1.7 13:41:35
2099 1302 25.54 22.31 0.68 13:41:35
2100 1225 63.33 121.48 1.36 13:41:35
2101 1303 25.55 22.31 1.02 13:41:36
2102 1226 63.33 121.48 1.79 13:41:36
2103 1304 25.55 22.31 1.19 13:41:36
2104 1227 63.34 121.48 1.62 13:41:36
2105 1305 25.54 22.31 1.02 13:41:37
2106 1228 63.33 121.48 1.96 13:41:37
2107 1306 25.55 22.31 1.19 13:41:37
2108 1229 63.33 121.48 1.87 13:41:37
2109 1307 25.56 22.31 0.77 13:41:38
2110 1230 63.36 121.48 1.7 13:41:38
2111 1308 25.55 22.31 0.77 13:41:38
2112 1231 63.34 121.48 2.13 13:41:38
2113 1309 25.55 22.31 1.02 13:41:39
2114 1232 63.34 121.48 1.02 13:41:39
2115 1310 25.56 22.31 0.94 13:41:39
2116 1233 63.33 121.48 2.13 13:41:39
2117 1311 25.56 22.31 1.28 13:41:40
2118 1234 63.33 121.48 1.62 13:41:40
2119 1312 25.56 22.31 0.77 13:41:40
2120 1235 63.35 121.48 1.96 13:41:40
2121 1313 25.56 22.31 1.19 13:41:41
2122 1236 63.35 121.48 1.87 13:41:41
2123 1237 63.35 121.48 1.62 13:41:41
2124 1314 25.55 22.31 0.94 13:41:41
2125 1315 25.56 22.31 1.02 13:41:42
2126 1238 63.33 121.48 2.04 13:41:42
2127 1239 63.35 121.48 1.45 13:41:42
2128 1316 25.57 22.31 1.19 13:41:42
2129 1317 25.57 22.31 0.77 13:41:43
2130 1240 63.34 121.48 2.89 13:41:43
2131 1318 25.57 22.31 1.19 13:41:43
2132 1241 63.35 121.48 1.36 13:41:43
2133 1319 25.57 22.31 0.68 13:41:44
2134 1242 63.34 121.48 1.62 13:41:44
2135 1320 25.57 22.31 1.19 13:41:44
2136 1320 25.57 22.31 1.19 13:41:44
2137 1243 63.34 121.48 2.21 13:41:44
2138 1321 25.57 22.31 1.19 13:41:45
2139 1244 63.35 121.48 1.02 13:41:45
2140 1322 25.57 22.31 0.51 13:41:45
2141 1245 63.34 121.48 1.96 13:41:45
2142 1323 25.57 22.31 1.02 13:41:46
2143 1246 63.33 121.48 1.53 13:41:46
2144 1324 25.57 22.24 0.85 13:41:46
2145 1247 63.35 121.48 1.62 13:41:46
2146 1325 25.57 22.28 1.02 13:41:47
2147 1248 63.35 121.48 1.79 13:41:47
2148 1326 25.57 22.24 1.11 13:41:47
2149 1249 63.35 121.48 1.7 13:41:47
2150 1327 25.58 22.31 0.94 13:41:48
2151 1250 63.35 121.48 2.3 13:41:48
2152 1251 63.35 121.48 1.36 13:41:48
2153 1328 25.57 22.24 1.28 13:41:48
2154 1252 63.35 121.48 2.04 13:41:49
2155 1329 25.58 22.31 0.85 13:41:49
2156 1330 25.58 22.28 1.11 13:41:49
2157 1253 63.36 121.48 1.62 13:41:49
2158 1331 25.57 22.24 0.43 13:41:50
2159 1254 63.36 121.48 1.11 13:41:50
2160 1332 25.57 22.24 0.51 13:41:50
2161 1255 63.35 121.48 2.55 13:41:50
2162 1333 25.57 22.24 1.02 13:41:51
2163 1256 63.36 121.48 1.53 13:41:51
2164 1257 63.35 121.48 1.53 13:41:51
2165 1334 25.58 22.24 0.77 13:41:51
2166 1335 25.58 22.24 1.02 13:41:52
2167 1258 63.36 121.48 1.53 13:41:52
2168 1336 25.58 22.28 0.77 13:41:52
2169 1259 63.35 121.48 2.04 13:41:52
2170 1337 25.58 22.24 1.02 13:41:53
2171 1260 63.36 121.48 2.47 13:41:53
