1 0 -39.6 -2.05 0.0 0:0:0
2 11 60.86 121.48 1.87 13:48:52
3 20 24.58 22.38 0.68 13:48:52
4 12 60.73 121.48 1.87 13:48:53
5 21 24.52 22.38 0.85 13:48:53
6 13 60.67 121.48 1.7 13:48:54
7 22 24.49 22.38 1.02 13:48:54
8 14 60.64 121.48 0.94 13:48:55
9 23 24.48 22.45 1.19 13:48:55
10 0 24.46 22.41 1.45 13:48:55
11 15 60.62 121.48 1.79 13:48:55
12 24 24.46 22.41 1.45 13:48:55
13 16 60.62 121.48 1.28 13:48:55
14 25 24.46 22.41 1.02 13:48:55
15 17 60.62 121.48 2.55 13:48:55
16 26 24.46 22.41 1.11 13:48:55
17 18 60.62 121.48 1.02 13:48:55
18 27 24.46 22.41 1.28 13:48:55
19 19 60.62 121.48 2.47 13:48:55
20 28 24.46 22.41 0.6 13:48:56
21 29 24.46 22.41 0.94 13:48:56
22 29 24.46 22.41 0.94 13:48:56
23 21 60.62 121.48 1.96 13:48:56
24 30 24.47 22.41 0.77 13:48:56
25 22 60.62 121.48 1.62 13:48:56
26 31 24.47 22.45 1.11 13:48:56
27 23 60.62 121.48 1.62 13:48:56
28 32 24.47 22.45 0.77 13:48:56
29 24 60.62 121.48 1.79 13:48:56
30 33 24.47 22.45 0.85 13:48:56
31 25 60.62 121.48 1.53 13:48:56
32 34 24.47 22.45 1.11 13:48:56
33 26 60.66 121.48 2.13 13:48:56
34 35 24.47 22.45 1.11 13:48:56
35 27 60.66 119.61 1.19 13:48:56
36 36 24.48 22.45 1.19 13:48:56
37 28 60.66 121.48 1.87 13:48:56
38 37 24.48 22.45 0.6 13:48:56
39 29 60.66 121.48 1.62 13:48:56
40 38 24.48 22.45 0.85 13:48:56
41 30 60.32 22.45 0.77 13:48:56
42 39 24.48 22.45 0.77 13:48:56
43 31 60.69 121.48 1.87 13:48:56
44 40 24.48 22.45 1.19 13:48:56
45 32 60.69 121.48 1.53 13:48:56
46 41 24.48 22.45 1.11 13:48:56
47 33 60.69 121.48 1.53 13:48:56
48 42 24.48 22.45 0.77 13:48:56
49 34 60.69 121.48 1.36 13:48:56
50 43 24.49 22.45 1.11 13:48:56
51 35 60.69 121.48 2.72 13:48:56
52 44 24.49 22.45 0.6 13:48:56
53 36 60.69 121.48 1.62 13:48:56
54 45 24.49 22.45 1.19 13:48:56
55 37 60.69 121.48 1.79 13:48:56
56 46 24.49 22.45 0.68 13:48:56
57 38 24.49 22.45 1.11 13:48:56
58 47 24.49 22.45 1.11 13:48:56
59 39 60.69 22.45 0.77 13:48:56
60 48 24.49 22.45 0.77 13:48:57
61 40 60.69 121.48 1.79 13:48:57
62 49 24.5 22.45 1.19 13:48:57
63 41 60.69 121.48 1.36 13:48:57
64 50 24.5 22.45 0.94 13:48:57
65 42 60.72 121.48 1.62 13:48:57
66 51 24.5 22.45 1.02 13:48:57
67 43 24.5 22.45 0.94 13:48:57
68 52 24.5 22.45 0.94 13:48:57
69 44 60.72 121.48 2.55 13:48:57
70 53 24.5 22.45 0.85 13:48:57
71 45 60.72 121.48 1.36 13:48:57
72 54 24.5 22.45 1.45 13:48:57
73 46 60.72 121.48 1.36 13:48:57
74 55 24.5 22.45 0.68 13:48:57
75 47 60.72 121.48 1.53 13:48:57
76 56 24.5 22.45 1.02 13:48:57
77 48 24.5 22.48 0.94 13:48:57
78 57 24.5 22.48 0.94 13:48:57
79 49 60.73 121.48 1.87 13:48:57
80 58 24.5 22.48 1.02 13:48:57
81 50 60.34 22.48 1.19 13:48:57
82 59 24.5 22.48 1.19 13:48:57
83 51 60.73 121.48 2.13 13:48:57
84 60 24.5 22.48 0.85 13:48:57
85 52 60.73 121.48 1.02 13:48:57
86 61 24.5 22.48 1.11 13:48:57
87 53 60.73 121.48 2.89 13:48:57
88 62 24.5 22.48 0.17 13:48:57
89 54 60.73 121.48 1.45 13:48:57
90 63 24.5 22.45 1.19 13:48:57
91 55 60.73 121.48 1.79 13:48:57
92 64 24.5 22.45 0.77 13:48:57
93 56 60.73 121.48 1.53 13:48:57
94 65 24.5 22.45 1.28 13:48:57
95 57 60.73 121.48 1.7 13:48:57
96 66 24.5 22.45 0.77 13:48:57
97 58 60.73 121.48 1.87 13:48:57
98 67 24.5 22.45 0.94 13:48:57
99 59 60.74 121.48 1.45 13:48:57
100 68 24.5 22.45 1.02 13:48:58
101 60 60.74 121.48 1.7 13:48:58
102 69 24.5 22.45 0.68 13:48:58
103 61 60.74 121.48 1.11 13:48:58
104 70 24.5 22.45 1.28 13:48:58
105 62 60.74 22.45 0.68 13:48:58
106 71 24.5 22.45 0.68 13:48:58
107 63 60.74 121.48 1.19 13:48:58
108 72 24.5 22.45 1.19 13:48:58
109 64 60.75 121.48 1.28 13:48:58
110 65 60.75 121.48 1.87 13:48:58
111 73 24.5 22.45 0.77 13:48:58
112 74 24.5 22.45 1.19 13:48:58
113 66 60.75 121.48 1.79 13:48:58
114 75 24.5 22.45 0.85 13:48:58
115 67 60.75 121.48 2.04 13:48:58
116 76 24.5 22.45 1.19 13:48:58
117 68 60.75 121.48 1.28 13:48:58
118 77 24.5 22.45 1.19 13:48:58
119 69 60.75 121.48 2.38 13:48:58
120 78 24.5 22.45 0.85 13:48:58
121 70 60.76 121.48 1.36 13:48:58
122 79 24.5 22.45 1.36 13:48:58
123 71 60.76 121.48 1.96 13:48:58
124 80 24.5 22.45 0.77 13:48:58
125 72 60.76 121.48 1.62 13:48:58
126 81 24.5 22.45 1.62 13:48:58
127 73 60.76 121.48 1.79 13:48:58
128 82 24.5 22.52 0.68 13:48:58
129 74 60.76 121.48 1.11 13:48:58
130 83 24.5 22.52 1.45 13:48:58
131 75 60.34 22.52 1.45 13:48:58
132 84 24.5 22.52 1.45 13:48:58
133 76 60.77 121.48 1.79 13:48:58
134 85 24.5 22.52 0.85 13:48:58
135 77 60.77 121.48 1.19 13:48:58
136 86 24.5 22.52 1.53 13:48:58
137 78 60.77 121.48 1.96 13:48:58
138 87 24.51 22.52 1.02 13:48:58
139 79 60.77 121.48 0.85 13:48:58
140 88 24.51 22.52 1.36 13:48:59
141 80 60.77 121.48 1.79 13:48:59
142 89 24.51 22.45 0.77 13:48:59
143 81 60.77 121.48 1.53 13:48:59
144 90 24.51 22.45 1.28 13:48:59
145 82 60.77 121.48 1.7 13:48:59
146 91 24.51 22.45 0.68 13:48:59
147 83 60.77 121.48 1.7 13:48:59
148 92 24.51 22.45 0.94 13:48:59
149 84 60.77 121.48 0.94 13:48:59
150 93 24.51 22.45 0.94 13:48:59
151 85 60.77 22.45 0.85 13:48:59
152 94 24.52 22.45 0.85 13:48:59
153 86 60.77 22.48 1.19 13:48:59
154 95 24.52 22.48 1.19 13:48:59
155 87 60.77 121.48 2.55 13:48:59
156 96 24.52 22.48 0.6 13:48:59
157 88 60.77 121.48 1.62 13:48:59
158 97 24.52 22.48 1.36 13:48:59
159 89 60.77 121.48 1.87 13:48:59
160 98 24.52 22.48 0.94 13:48:59
161 99 24.52 22.48 1.11 13:48:59
162 99 24.52 22.48 1.11 13:48:59
163 91 60.77 121.48 1.96 13:48:59
164 100 24.53 22.48 0.77 13:48:59
165 92 60.79 121.48 1.7 13:48:59
166 101 24.53 22.48 1.02 13:48:59
167 93 60.79 121.48 1.53 13:48:59
168 102 24.53 22.52 1.11 13:48:59
169 94 60.79 121.48 2.38 13:48:59
170 103 24.53 22.52 0.6 13:48:59
171 95 60.79 121.48 1.02 13:48:59
172 104 24.53 22.52 1.36 13:48:59
173 96 60.79 121.48 2.47 13:48:59
174 105 24.53 22.52 0.77 13:48:59
175 97 24.53 22.52 1.19 13:48:59
176 106 24.53 22.52 1.19 13:48:59
177 98 60.78 121.48 1.79 13:48:59
178 107 24.52 22.52 0.85 13:48:59
179 99 60.36 22.48 1.11 13:48:59
180 108 24.52 22.48 1.11 13:49:0
181 100 60.78 121.48 1.7 13:49:0
182 109 24.52 22.48 1.02 13:49:0
183 101 60.78 121.48 1.7 13:49:0
184 110 24.52 22.48 1.11 13:49:0
185 102 60.78 121.48 1.19 13:49:0
186 111 24.52 22.48 1.19 13:49:0
187 103 60.79 121.48 2.47 13:49:0
188 112 24.52 22.48 0.94 13:49:0
189 104 60.79 121.48 0.68 13:49:0
190 113 24.52 22.48 1.36 13:49:0
191 105 60.79 121.48 0.85 13:49:0
192 114 24.52 22.48 0.85 13:49:0
193 106 60.79 119.63 1.28 13:49:0
194 115 24.52 22.48 1.28 13:49:0
195 107 60.79 121.48 1.7 13:49:0
196 116 24.52 22.48 0.85 13:49:0
197 108 60.79 121.48 1.28 13:49:0
198 117 24.52 22.48 1.11 13:49:0
199 109 60.8 121.48 1.53 13:49:0
200 118 24.52 22.48 1.02 13:49:0
201 110 60.8 121.48 1.7 13:49:0
202 119 24.51 22.48 0.94 13:49:0
203 111 60.8 22.48 1.53 13:49:0
204 120 24.51 22.48 1.53 13:49:0
205 112 60.8 121.48 2.3 13:49:0
206 121 24.51 22.52 0.68 13:49:0
207 113 24.51 22.52 1.19 13:49:0
208 122 24.51 22.52 1.19 13:49:0
209 114 60.8 121.48 1.7 13:49:0
210 123 24.51 22.52 0.85 13:49:0
211 115 60.8 121.48 0.85 13:49:0
212 124 24.51 22.52 1.11 13:49:0
213 116 60.8 121.48 1.53 13:49:0
214 125 24.51 22.52 0.85 13:49:0
215 117 60.8 22.52 0.6 13:49:0
216 126 24.52 22.52 0.6 13:49:0
217 118 60.8 121.48 1.36 13:49:0
218 127 24.52 22.52 1.28 13:49:0
219 119 60.8 121.48 1.96 13:49:0
220 128 24.52 22.52 0.94 13:49:1
221 120 60.8 119.66 1.11 13:49:1
222 129 24.52 22.52 1.11 13:49:1
223 121 60.8 121.48 2.38 13:49:1
224 130 24.52 22.52 0.68 13:49:1
225 122 60.8 121.48 1.28 13:49:1
226 131 24.52 22.52 1.02 13:49:1
227 123 60.8 121.48 1.45 13:49:1
228 132 24.52 22.52 0.77 13:49:1
229 124 60.8 121.48 1.45 13:49:1
230 133 24.52 22.52 1.02 13:49:1
231 125 60.8 121.48 1.36 13:49:1
232 134 24.52 22.52 0.77 13:49:1
233 126 60.8 121.48 1.36 13:49:1
234 135 24.52 22.52 0.85 13:49:1
235 127 60.8 121.48 1.28 13:49:1
236 136 24.52 22.52 0.94 13:49:1
237 128 60.8 121.48 2.38 13:49:1
238 137 24.52 22.52 0.43 13:49:1
239 129 60.8 121.48 0.43 13:49:1
240 138 24.52 22.52 1.02 13:49:1
241 130 60.8 121.48 2.38 13:49:1
242 139 24.52 22.52 0.68 13:49:1
243 131 60.81 121.48 1.45 13:49:1
244 140 24.52 22.52 1.11 13:49:1
245 132 24.52 22.52 0.77 13:49:1
246 141 24.52 22.52 0.77 13:49:1
247 133 60.81 121.48 0.51 13:49:1
248 142 24.52 22.52 0.51 13:49:1
249 134 60.81 119.66 0.77 13:49:1
250 143 24.52 22.52 0.77 13:49:1
251 135 60.81 121.48 1.62 13:49:1
252 144 24.52 22.52 0.77 13:49:1
253 136 60.82 121.48 1.02 13:49:1
254 145 24.52 22.52 1.11 13:49:1
255 137 60.82 22.52 0.26 13:49:1
256 146 24.52 22.52 0.26 13:49:1
257 138 60.82 121.48 0.85 13:49:1
258 147 24.52 22.52 1.28 13:49:1
259 139 60.82 121.48 1.87 13:49:1
260 148 24.52 22.52 0.77 13:49:2
261 140 60.82 121.48 1.45 13:49:2
262 149 24.52 22.52 1.11 13:49:2
263 141 60.82 121.48 1.62 13:49:2
264 150 24.52 22.52 0.68 13:49:2
265 142 60.81 121.48 1.28 13:49:2
266 151 24.53 22.52 1.28 13:49:2
267 143 60.81 121.48 1.53 13:49:2
268 152 24.53 22.52 0.94 13:49:2
269 144 60.81 121.48 1.62 13:49:2
270 153 24.53 22.52 0.85 13:49:2
271 145 60.81 121.48 1.28 13:49:2
272 154 24.53 22.52 1.19 13:49:2
273 146 60.81 121.48 2.64 13:49:2
274 155 24.53 22.52 0.77 13:49:2
275 147 60.83 121.48 0.77 13:49:2
276 156 24.53 22.52 1.28 13:49:2
277 148 60.83 121.48 1.62 13:49:2
278 157 24.53 22.52 0.77 13:49:2
279 149 60.83 121.48 1.45 13:49:2
280 158 24.53 22.52 1.19 13:49:2
281 150 60.83 121.48 1.62 13:49:2
282 159 24.53 22.52 0.85 13:49:2
283 151 60.83 121.48 1.28 13:49:2
284 160 24.53 22.52 1.11 13:49:2
285 152 60.83 121.48 1.53 13:49:2
286 161 24.53 22.52 0.85 13:49:2
287 153 60.84 22.52 0.85 13:49:2
288 162 24.53 22.52 0.85 13:49:2
289 154 60.84 121.48 0.94 13:49:2
290 163 24.53 22.52 1.02 13:49:2
291 155 60.84 121.48 2.47 13:49:2
292 164 24.53 22.52 0.6 13:49:2
293 156 60.84 121.48 1.45 13:49:2
294 165 24.53 22.52 1.11 13:49:2
295 157 60.84 121.48 1.7 13:49:2
296 166 24.53 22.52 0.77 13:49:2
297 158 60.84 121.48 1.45 13:49:2
298 167 24.53 22.52 0.94 13:49:2
299 159 60.84 121.48 1.7 13:49:2
300 168 24.53 22.52 1.02 13:49:3
301 160 24.53 22.52 0.77 13:49:3
302 169 24.53 22.52 0.77 13:49:3
303 161 60.84 121.48 1.45 13:49:3
304 170 24.53 22.52 0.94 13:49:3
305 162 60.84 121.48 2.04 13:49:3
306 171 24.54 22.52 0.77 13:49:3
307 163 60.84 121.48 0.6 13:49:3
308 172 24.54 22.52 1.28 13:49:3
309 164 24.54 22.52 0.6 13:49:3
310 173 24.54 22.52 0.6 13:49:3
311 165 60.85 121.48 1.36 13:49:3
312 174 24.54 22.52 1.19 13:49:3
313 166 60.85 121.48 1.62 13:49:3
314 175 24.54 22.52 0.85 13:49:3
315 167 60.85 22.52 1.19 13:49:3
316 176 24.54 22.52 1.19 13:49:3
317 168 60.85 121.48 1.53 13:49:3
318 177 24.53 22.52 0.85 13:49:3
319 169 60.83 121.48 1.7 13:49:3
320 178 24.53 22.52 1.02 13:49:3
321 170 60.83 121.48 1.36 13:49:3
322 179 24.53 22.52 0.94 13:49:3
323 171 60.83 121.48 1.79 13:49:3
324 180 24.53 22.52 0.94 13:49:3
325 172 60.83 121.48 0.6 13:49:3
326 181 24.53 22.52 1.19 13:49:3
327 173 60.83 121.48 1.96 13:49:3
328 182 24.53 22.52 0.43 13:49:3
329 174 60.83 121.48 1.53 13:49:3
330 183 24.54 22.52 1.19 13:49:3
331 175 60.85 121.48 1.53 13:49:3
332 184 24.54 22.52 0.85 13:49:3
333 176 60.85 121.48 1.7 13:49:3
334 185 24.54 22.52 0.77 13:49:3
335 186 24.54 22.52 1.02 13:49:3
336 186 24.54 22.52 1.02 13:49:3
337 178 60.85 121.48 1.53 13:49:3
338 187 24.54 22.52 0.77 13:49:3
339 179 24.54 22.52 1.19 13:49:3
340 188 24.54 22.52 1.19 13:49:4
341 180 60.85 121.48 2.38 13:49:4
342 189 24.54 22.52 0.77 13:49:4
343 181 60.85 119.66 1.02 13:49:4
344 190 24.53 22.52 1.02 13:49:4
345 182 60.85 121.48 1.96 13:49:4
346 191 24.53 22.55 0.6 13:49:4
347 183 60.85 121.48 1.36 13:49:4
348 192 24.53 22.55 1.11 13:49:4
349 184 60.85 121.48 1.79 13:49:4
350 193 24.53 22.55 0.77 13:49:4
351 185 60.85 121.48 1.02 13:49:4
352 194 24.53 22.55 0.94 13:49:4
353 186 60.87 121.48 1.36 13:49:4
354 195 24.53 22.55 0.94 13:49:4
355 187 24.53 22.55 1.02 13:49:4
356 196 24.53 22.55 1.02 13:49:4
357 188 60.87 121.48 1.28 13:49:4
358 197 24.53 22.55 0.94 13:49:4
359 189 60.87 121.48 2.55 13:49:4
360 198 24.53 22.52 0.68 13:49:4
361 190 60.87 22.52 1.19 13:49:4
362 199 24.53 22.52 1.19 13:49:4
363 191 60.87 121.48 1.79 13:49:4
364 200 24.53 22.52 0.85 13:49:4
365 192 60.87 121.48 1.62 13:49:4
366 201 24.53 22.52 1.11 13:49:4
367 193 24.53 22.52 0.94 13:49:4
368 202 24.53 22.52 0.94 13:49:4
369 194 60.87 121.48 1.45 13:49:4
370 203 24.54 22.52 0.94 13:49:4
371 195 60.87 121.48 1.53 13:49:4
372 204 24.54 22.55 1.11 13:49:4
373 196 60.87 121.48 1.79 13:49:4
374 205 24.54 22.55 0.94 13:49:4
375 197 60.87 121.48 0.85 13:49:4
376 206 24.54 22.55 1.11 13:49:4
377 198 60.87 121.48 2.38 13:49:4
378 207 24.54 22.55 0.68 13:49:4
379 199 60.38 22.55 1.19 13:49:4
380 208 24.54 22.55 1.19 13:49:5
381 200 60.87 121.48 2.21 13:49:5
382 209 24.54 22.55 0.68 13:49:5
383 201 60.38 22.55 1.02 13:49:5
384 210 24.54 22.55 1.02 13:49:5
385 202 60.89 121.48 2.21 13:49:5
386 211 24.54 22.55 0.68 13:49:5
387 203 60.89 121.48 1.79 13:49:5
388 212 24.54 22.55 0.6 13:49:5
389 204 60.89 121.48 1.53 13:49:5
390 213 24.54 22.55 0.94 13:49:5
391 205 60.89 119.68 1.19 13:49:5
392 214 24.54 22.55 1.19 13:49:5
393 206 60.89 121.48 0.77 13:49:5
394 215 24.54 22.55 1.19 13:49:5
395 207 60.89 121.48 2.3 13:49:5
396 216 24.54 22.55 0.85 13:49:5
397 208 60.89 121.48 1.62 13:49:5
398 217 24.54 22.59 1.11 13:49:5
399 209 60.89 121.48 1.62 13:49:5
400 218 24.54 22.59 0.77 13:49:5
401 210 60.89 121.48 1.36 13:49:5
402 219 24.54 22.59 1.02 13:49:5
403 211 60.89 121.48 1.45 13:49:5
404 220 24.54 22.59 1.11 13:49:5
405 212 60.89 121.48 2.21 13:49:5
406 221 24.54 22.59 0.85 13:49:5
407 213 60.89 121.48 1.28 13:49:5
408 222 24.55 22.59 1.02 13:49:5
409 214 60.89 121.48 2.04 13:49:5
410 223 24.55 22.59 0.68 13:49:5
411 215 60.89 121.48 0.77 13:49:5
412 224 24.55 22.59 1.19 13:49:5
413 216 60.39 22.59 0.85 13:49:5
414 225 24.55 22.59 0.85 13:49:5
415 217 60.89 121.48 1.36 13:49:5
416 226 24.55 22.59 0.85 13:49:5
417 218 60.89 121.48 1.79 13:49:5
418 227 24.55 22.59 0.6 13:49:5
419 219 60.91 121.48 1.19 13:49:5
420 228 24.54 22.59 1.11 13:49:6
421 220 60.91 121.48 1.62 13:49:6
422 229 24.54 22.59 1.19 13:49:6
423 221 60.38 22.59 0.09 13:49:6
424 230 24.54 22.59 0.09 13:49:6
425 222 60.91 121.48 0.77 13:49:6
426 231 24.54 22.59 0.77 13:49:6
427 223 60.91 121.48 2.13 13:49:6
428 232 24.54 22.59 0.77 13:49:6
429 224 60.91 121.48 0.77 13:49:6
430 233 24.54 22.59 1.19 13:49:6
431 225 60.91 119.7 0.51 13:49:6
432 234 24.54 22.59 0.51 13:49:6
433 226 60.91 121.48 1.45 13:49:6
434 235 24.55 22.59 1.02 13:49:6
435 227 60.91 121.48 1.19 13:49:6
436 236 24.55 22.59 0.77 13:49:6
437 228 60.91 121.48 1.36 13:49:6
438 237 24.55 22.59 1.02 13:49:6
439 229 60.91 22.59 0.94 13:49:6
440 238 24.55 22.59 0.94 13:49:6
441 230 60.91 121.48 1.87 13:49:6
442 239 24.55 22.59 0.94 13:49:6
443 231 60.91 121.48 0.85 13:49:6
444 240 24.55 22.59 1.28 13:49:6
445 232 60.91 121.48 2.47 13:49:6
446 241 24.55 22.59 0.51 13:49:6
447 233 60.91 121.48 1.36 13:49:6
448 242 24.55 22.59 1.11 13:49:6
449 234 60.91 121.48 1.7 13:49:6
450 243 24.55 22.59 0.68 13:49:6
451 235 60.91 121.48 1.36 13:49:6
452 244 24.55 22.59 1.02 13:49:6
453 236 60.93 121.48 2.04 13:49:6
454 245 24.55 22.59 0.51 13:49:6
455 237 60.93 121.48 1.79 13:49:6
456 246 24.55 22.59 0.85 13:49:6
457 238 60.93 121.48 1.53 13:49:6
458 247 24.55 22.59 1.19 13:49:6
459 239 60.93 121.48 2.47 13:49:6
460 248 24.55 22.59 1.11 13:49:7
461 240 60.93 121.48 1.02 13:49:7
462 249 24.55 22.59 1.36 13:49:7
463 241 60.94 121.48 2.64 13:49:7
464 250 24.55 22.59 0.6 13:49:7
465 242 60.94 121.48 0.77 13:49:7
466 251 24.55 22.59 1.19 13:49:7
467 243 60.94 121.48 2.21 13:49:7
468 252 24.55 22.59 0.77 13:49:7
469 244 60.94 121.48 1.79 13:49:7
470 253 24.55 22.59 1.11 13:49:7
471 245 60.94 121.48 1.62 13:49:7
472 254 24.55 22.59 0.85 13:49:7
473 246 60.94 121.48 1.7 13:49:7
474 255 24.55 22.59 0.85 13:49:7
475 247 60.95 121.48 1.19 13:49:7
476 256 24.55 22.59 0.85 13:49:7
477 248 60.95 121.48 2.47 13:49:7
478 257 24.55 22.59 0.26 13:49:7
479 249 60.95 121.48 0.85 13:49:7
480 258 24.55 22.59 1.19 13:49:7
481 250 60.95 121.48 1.62 13:49:7
482 259 24.55 22.59 0.85 13:49:7
483 251 24.56 22.59 1.11 13:49:7
484 260 24.56 22.59 1.11 13:49:7
485 252 60.95 121.48 1.62 13:49:7
486 261 24.56 22.59 0.77 13:49:7
487 253 60.95 121.48 1.79 13:49:7
488 262 24.56 22.59 1.02 13:49:7
489 254 60.95 121.48 1.53 13:49:7
490 263 24.56 22.59 1.02 13:49:7
491 255 60.95 121.48 1.79 13:49:7
492 264 24.56 22.59 0.77 13:49:7
493 256 60.95 121.48 0.68 13:49:7
494 265 24.56 22.59 1.11 13:49:7
495 257 60.95 121.48 2.21 13:49:7
496 266 24.56 22.59 0.77 13:49:7
497 258 60.95 121.48 0.77 13:49:7
498 267 24.56 22.59 1.02 13:49:7
499 259 60.95 121.48 1.7 13:49:7
500 268 24.56 22.59 0.68 13:49:8
501 260 60.95 121.48 1.45 13:49:8
502 269 24.56 22.59 0.85 13:49:8
503 261 60.95 121.48 1.79 13:49:8
504 270 24.56 22.59 0.77 13:49:8
505 262 60.95 22.59 0.94 13:49:8
506 271 24.56 22.59 0.94 13:49:8
507 263 60.95 121.48 1.45 13:49:8
508 272 24.56 22.59 1.02 13:49:8
509 264 60.95 22.59 1.02 13:49:8
510 273 24.56 22.59 1.02 13:49:8
511 265 60.95 121.48 1.11 13:49:8
512 274 24.56 22.59 1.11 13:49:8
513 266 60.95 119.75 0.6 13:49:8
514 275 24.56 22.65 0.6 13:49:8
515 267 60.95 22.65 1.28 13:49:8
516 276 24.56 22.65 1.28 13:49:8
517 268 60.95 121.48 1.7 13:49:8
518 277 24.56 22.65 0.85 13:49:8
519 269 60.94 121.48 0.85 13:49:8
520 278 24.56 22.65 1.02 13:49:8
521 270 60.94 121.48 1.36 13:49:8
522 279 24.56 22.65 0.34 13:49:8
523 271 60.41 22.65 0.77 13:49:8
524 280 24.57 22.65 0.77 13:49:8
525 272 60.41 22.62 1.02 13:49:8
526 281 24.57 22.62 1.02 13:49:8
527 273 60.94 121.48 2.21 13:49:8
528 282 24.57 22.62 0.68 13:49:8
529 274 60.97 121.48 0.94 13:49:8
530 283 24.57 22.62 1.19 13:49:8
531 275 60.97 121.48 2.21 13:49:8
532 284 24.57 22.62 1.02 13:49:8
533 276 60.97 121.48 1.45 13:49:8
534 285 24.57 22.62 1.02 13:49:8
535 277 60.97 121.48 1.62 13:49:8
536 286 24.57 22.62 0.85 13:49:8
537 278 60.97 119.7 1.11 13:49:8
538 287 24.57 22.59 1.11 13:49:8
539 279 60.97 121.48 1.62 13:49:8
540 288 24.57 22.59 0.85 13:49:9
541 280 60.97 121.48 1.79 13:49:9
542 289 24.57 22.59 0.85 13:49:9
543 281 24.57 22.59 1.11 13:49:9
544 290 24.57 22.59 1.11 13:49:9
545 282 60.97 121.48 2.13 13:49:9
546 291 24.57 22.59 0.77 13:49:9
547 283 60.97 121.48 0.94 13:49:9
548 292 24.57 22.59 1.28 13:49:9
549 284 60.97 121.48 1.79 13:49:9
550 293 24.57 22.59 0.77 13:49:9
551 285 60.98 119.73 1.02 13:49:9
552 294 24.57 22.62 1.02 13:49:9
553 286 60.98 119.73 0.77 13:49:9
554 295 24.57 22.62 0.77 13:49:9
555 287 60.98 121.48 1.87 13:49:9
556 296 24.57 22.62 1.45 13:49:9
557 288 60.98 121.48 1.45 13:49:9
558 297 24.57 22.62 1.19 13:49:9
559 289 60.98 121.48 1.79 13:49:9
560 298 24.57 22.62 0.85 13:49:9
561 290 60.98 121.48 1.02 13:49:9
562 299 24.58 22.62 1.28 13:49:9
563 291 60.99 121.48 2.21 13:49:9
564 300 24.58 22.59 0.6 13:49:9
565 292 60.99 121.48 0.77 13:49:9
566 301 24.58 22.59 1.36 13:49:9
567 293 60.99 121.48 1.45 13:49:9
568 302 24.58 22.59 0.85 13:49:9
569 294 60.99 121.48 1.45 13:49:9
570 303 24.58 22.59 1.19 13:49:9
571 295 60.99 121.48 1.11 13:49:9
572 304 24.58 22.59 0.77 13:49:9
573 296 60.99 121.48 1.62 13:49:9
574 305 24.58 22.59 1.02 13:49:9
575 297 61.0 121.48 1.45 13:49:9
576 306 24.58 22.59 1.11 13:49:9
577 298 61.0 121.48 1.7 13:49:9
578 307 24.58 22.59 0.94 13:49:9
579 308 24.58 22.59 1.28 13:49:10
580 308 24.58 22.59 1.28 13:49:10
581 300 61.0 121.48 2.21 13:49:10
582 309 24.58 22.59 0.17 13:49:10
583 301 61.0 22.59 1.11 13:49:10
584 310 24.58 22.59 1.11 13:49:10
585 302 61.0 121.48 1.87 13:49:10
586 311 24.58 22.59 0.77 13:49:10
587 303 24.58 22.59 1.53 13:49:10
588 312 24.58 22.59 1.53 13:49:10
589 304 61.0 121.48 1.7 13:49:10
590 313 24.58 22.65 0.68 13:49:10
591 305 61.0 121.48 1.7 13:49:10
592 314 24.58 22.65 0.85 13:49:10
593 306 61.0 121.48 1.62 13:49:10
594 315 24.58 22.65 1.11 13:49:10
595 307 61.0 121.48 1.87 13:49:10
596 316 24.58 22.65 0.68 13:49:10
597 308 61.0 121.48 1.19 13:49:10
598 317 24.58 22.65 1.19 13:49:10
599 309 61.0 121.48 2.38 13:49:10
600 318 24.58 22.65 0.6 13:49:10
601 310 61.0 121.48 1.36 13:49:10
602 319 24.58 22.65 1.19 13:49:10
603 311 61.0 121.48 1.62 13:49:10
604 320 24.58 22.65 0.77 13:49:10
605 312 61.0 121.48 1.45 13:49:10
606 321 24.58 22.65 1.11 13:49:10
607 313 61.02 121.48 1.45 13:49:10
608 322 24.58 22.65 0.94 13:49:10
609 314 61.02 121.48 1.45 13:49:10
610 323 24.58 22.65 0.94 13:49:10
611 315 61.02 121.48 1.62 13:49:10
612 324 24.58 22.65 1.02 13:49:10
613 316 61.02 121.48 2.64 13:49:10
614 325 24.58 22.65 0.94 13:49:10
615 317 60.42 22.59 1.19 13:49:10
616 326 24.58 22.59 1.19 13:49:10
617 318 61.02 121.48 1.87 13:49:10
618 327 24.58 22.59 0.51 13:49:10
619 319 61.02 121.48 1.28 13:49:10
620 328 24.58 22.59 1.28 13:49:11
621 320 61.02 121.48 1.79 13:49:11
622 329 24.58 22.59 0.51 13:49:11
623 321 61.02 121.48 1.45 13:49:11
624 330 24.58 22.59 1.36 13:49:11
625 322 61.02 121.48 1.79 13:49:11
626 331 24.59 22.59 1.19 13:49:11
627 323 61.02 121.48 1.62 13:49:11
628 332 24.59 22.62 1.28 13:49:11
629 324 61.04 121.48 1.45 13:49:11
630 333 24.59 22.62 1.28 13:49:11
631 325 61.04 121.48 1.79 13:49:11
632 334 24.59 22.62 0.6 13:49:11
633 326 61.04 121.48 0.51 13:49:11
634 335 24.59 22.62 1.45 13:49:11
635 327 24.59 22.62 0.43 13:49:11
636 336 24.59 22.62 0.43 13:49:11
637 328 61.04 121.48 1.62 13:49:11
638 337 24.59 22.62 1.28 13:49:11
639 329 61.04 121.48 1.62 13:49:11
640 338 24.59 22.62 0.68 13:49:11
641 330 61.05 121.48 1.7 13:49:11
642 339 24.59 22.65 1.28 13:49:11
643 331 61.05 121.48 1.36 13:49:11
644 340 24.59 22.65 0.94 13:49:11
645 332 61.05 121.48 1.62 13:49:11
646 341 24.59 22.65 0.68 13:49:11
647 333 61.05 121.48 1.11 13:49:11
648 342 24.59 22.65 1.19 13:49:11
649 334 61.05 121.48 1.96 13:49:11
650 343 24.59 22.65 0.77 13:49:11
651 335 61.06 121.48 1.36 13:49:11
652 344 24.6 22.65 1.19 13:49:11
653 336 61.06 121.48 1.45 13:49:11
654 345 24.6 22.65 0.77 13:49:11
655 337 61.06 121.48 1.45 13:49:11
656 346 24.6 22.65 1.28 13:49:11
657 338 61.06 121.48 1.7 13:49:11
658 347 24.6 22.65 0.51 13:49:11
659 339 60.44 22.65 0.85 13:49:11
660 348 24.6 22.65 0.85 13:49:12
661 340 60.44 22.65 1.02 13:49:12
662 349 24.6 22.65 1.02 13:49:12
663 341 61.06 121.48 2.04 13:49:12
664 350 24.6 22.65 0.85 13:49:12
665 351 24.6 22.65 1.28 13:49:12
666 351 24.6 22.65 1.28 13:49:12
667 343 61.06 121.48 2.38 13:49:12
668 352 24.6 22.65 0.68 13:49:12
669 344 61.06 121.48 1.45 13:49:12
670 353 24.6 22.65 1.19 13:49:12
671 345 61.06 121.48 1.7 13:49:12
672 354 24.6 22.65 0.77 13:49:12
673 346 61.07 121.48 1.62 13:49:12
674 355 24.6 22.65 1.19 13:49:12
675 347 61.07 121.48 1.45 13:49:12
676 356 24.6 22.65 0.94 13:49:12
677 348 61.07 22.65 1.02 13:49:12
678 357 24.6 22.65 1.02 13:49:12
679 349 61.07 121.48 1.36 13:49:12
680 358 24.6 22.65 1.02 13:49:12
681 350 61.07 121.48 0.77 13:49:12
682 359 24.6 22.65 0.77 13:49:12
683 351 61.07 22.65 1.28 13:49:12
684 360 24.6 22.65 1.28 13:49:12
685 352 60.44 22.65 0.77 13:49:12
686 361 24.6 22.65 0.77 13:49:12
687 353 61.08 121.48 1.28 13:49:12
688 362 24.6 22.65 1.11 13:49:12
689 354 61.08 121.48 1.79 13:49:12
690 363 24.6 22.65 0.77 13:49:12
691 355 61.08 121.48 1.7 13:49:12
692 364 24.6 22.65 1.53 13:49:12
693 356 61.08 121.48 1.11 13:49:12
694 365 24.6 22.65 0.94 13:49:12
695 357 61.09 121.48 1.62 13:49:12
696 366 24.6 22.65 0.94 13:49:12
697 358 61.09 22.65 0.94 13:49:12
698 367 24.6 22.65 0.94 13:49:12
699 359 61.09 121.48 2.21 13:49:12
700 368 24.6 22.65 0.68 13:49:13
701 360 61.09 121.48 0.77 13:49:13
702 369 24.61 22.65 1.36 13:49:13
703 361 24.61 22.65 0.68 13:49:13
704 370 24.61 22.65 0.68 13:49:13
705 362 61.09 121.48 1.45 13:49:13
706 371 24.61 22.65 1.11 13:49:13
707 363 61.09 121.48 1.79 13:49:13
708 372 24.61 22.65 0.68 13:49:13
709 364 61.09 121.48 1.7 13:49:13
710 373 24.61 22.65 1.02 13:49:13
711 365 61.09 121.48 1.45 13:49:13
712 374 24.61 22.65 1.02 13:49:13
713 366 61.09 121.48 1.79 13:49:13
714 375 24.61 22.65 0.85 13:49:13
715 367 61.09 121.48 1.36 13:49:13
716 376 24.6 22.65 1.36 13:49:13
717 368 61.09 22.65 0.68 13:49:13
718 377 24.6 22.65 0.68 13:49:13
719 369 61.1 121.48 1.11 13:49:13
720 378 24.6 22.65 1.11 13:49:13
721 370 61.1 121.48 1.79 13:49:13
722 379 24.6 22.65 0.77 13:49:13
723 371 61.1 121.48 1.53 13:49:13
724 380 24.6 22.65 1.11 13:49:13
725 372 61.1 121.48 1.53 13:49:13
726 381 24.6 22.65 0.51 13:49:13
727 373 61.1 121.48 1.7 13:49:13
728 382 24.6 22.65 0.85 13:49:13
729 374 61.11 121.48 1.36 13:49:13
730 383 24.6 22.65 0.94 13:49:13
731 375 61.11 22.65 1.19 13:49:13
732 384 24.6 22.65 1.19 13:49:13
733 376 61.11 121.48 1.19 13:49:13
734 385 24.6 22.65 1.19 13:49:13
735 377 61.11 121.48 2.38 13:49:13
736 386 24.6 22.65 0.6 13:49:13
737 378 61.11 121.48 1.45 13:49:13
738 387 24.6 22.65 1.19 13:49:13
739 379 61.11 121.48 1.62 13:49:13
740 388 24.62 22.65 0.94 13:49:14
741 380 61.11 121.48 1.45 13:49:14
742 389 24.62 22.65 1.11 13:49:14
743 381 61.11 121.48 1.7 13:49:14
744 390 24.62 22.65 0.94 13:49:14
745 382 61.11 121.48 1.62 13:49:14
746 391 24.62 22.65 0.94 13:49:14
747 383 61.11 121.48 1.62 13:49:14
748 392 24.62 22.65 1.11 13:49:14
749 384 61.11 121.48 1.36 13:49:14
750 393 24.62 22.65 0.68 13:49:14
751 385 61.13 121.48 0.94 13:49:14
752 394 24.62 22.65 1.19 13:49:14
753 386 61.13 121.48 1.7 13:49:14
754 395 24.62 22.65 0.68 13:49:14
755 387 60.46 22.65 1.02 13:49:14
756 396 24.62 22.65 1.02 13:49:14
757 388 61.13 121.48 1.62 13:49:14
758 397 24.62 22.65 0.77 13:49:14
759 389 61.13 121.48 1.53 13:49:14
760 398 24.62 22.65 1.53 13:49:14
761 390 61.13 121.48 1.53 13:49:14
762 399 24.62 22.65 0.85 13:49:14
763 391 24.62 22.65 0.77 13:49:14
764 400 24.62 22.65 0.77 13:49:14
765 392 61.13 121.48 1.02 13:49:14
766 401 24.62 22.65 1.11 13:49:14
767 393 61.13 121.48 2.3 13:49:14
768 402 24.62 22.65 0.6 13:49:14
769 394 61.13 121.48 0.6 13:49:14
770 403 24.62 22.65 1.19 13:49:14
771 395 61.13 121.48 1.7 13:49:14
772 404 24.62 22.65 0.6 13:49:14
773 396 61.13 121.48 1.45 13:49:14
774 405 24.62 22.65 1.11 13:49:14
775 397 60.46 22.65 0.85 13:49:14
776 406 24.62 22.65 0.85 13:49:14
777 398 61.13 121.48 1.45 13:49:14
778 407 24.62 22.65 0.94 13:49:14
779 399 61.13 121.48 1.53 13:49:14
780 408 24.62 22.65 1.02 13:49:15
781 400 61.13 121.48 1.7 13:49:15
782 409 24.62 22.65 0.77 13:49:15
783 401 61.13 121.48 1.62 13:49:15
784 410 24.62 22.65 1.19 13:49:15
785 411 24.62 22.65 0.68 13:49:15
786 411 24.62 22.65 0.68 13:49:15
787 403 61.13 121.48 1.28 13:49:15
788 412 24.62 22.65 1.11 13:49:15
789 404 61.13 121.48 1.79 13:49:15
790 413 24.62 22.65 0.85 13:49:15
791 405 61.13 121.48 1.45 13:49:15
792 414 24.62 22.65 1.28 13:49:15
793 406 61.13 121.48 0.43 13:49:15
794 415 24.62 22.65 0.43 13:49:15
795 407 61.15 121.48 1.62 13:49:15
796 416 24.62 22.65 0.94 13:49:15
797 408 61.15 121.48 1.53 13:49:15
798 417 24.62 22.65 0.85 13:49:15
799 409 61.15 121.48 1.87 13:49:15
800 418 24.62 22.65 0.6 13:49:15
801 410 61.15 121.48 0.85 13:49:15
802 419 24.62 22.65 0.6 13:49:15
803 411 61.15 121.48 1.79 13:49:15
804 420 24.64 22.65 0.6 13:49:15
805 412 61.15 121.48 1.62 13:49:15
806 421 24.64 22.65 1.36 13:49:15
807 413 61.15 121.48 1.7 13:49:15
808 422 24.64 22.65 0.94 13:49:15
809 414 61.15 22.65 1.36 13:49:15
810 423 24.64 22.65 1.36 13:49:15
811 415 61.15 121.48 1.7 13:49:15
812 424 24.64 22.65 1.02 13:49:15
813 416 61.15 121.48 1.7 13:49:15
814 425 24.64 22.65 0.51 13:49:15
815 417 60.48 22.65 1.02 13:49:15
816 426 24.64 22.65 1.02 13:49:15
817 418 61.17 121.48 1.53 13:49:15
818 427 24.64 22.65 0.68 13:49:15
819 419 61.17 121.48 0.85 13:49:15
820 428 24.64 22.65 1.28 13:49:16
821 420 61.17 121.48 2.13 13:49:16
822 429 24.64 22.65 0.77 13:49:16
823 421 61.17 121.48 1.02 13:49:16
824 430 24.64 22.65 1.02 13:49:16
825 422 61.17 121.48 1.62 13:49:16
826 431 24.64 22.65 0.77 13:49:16
827 423 61.17 121.48 1.36 13:49:16
828 432 24.64 22.65 1.36 13:49:16
829 424 61.18 121.48 1.02 13:49:16
830 433 24.63 22.65 1.02 13:49:16
831 425 61.18 121.48 1.7 13:49:16
832 434 24.63 22.65 0.85 13:49:16
833 426 61.18 121.48 1.02 13:49:16
834 435 24.63 22.65 1.36 13:49:16
835 427 61.18 121.48 2.3 13:49:16
836 436 24.63 22.65 0.68 13:49:16
837 428 61.18 121.48 0.77 13:49:16
838 437 24.63 22.65 1.28 13:49:16
839 429 61.19 121.48 1.62 13:49:16
840 438 24.63 22.65 0.6 13:49:16
841 430 61.19 121.48 0.77 13:49:16
842 439 24.63 22.65 1.11 13:49:16
843 431 61.19 121.48 1.87 13:49:16
844 440 24.64 22.65 0.77 13:49:16
845 432 61.19 121.48 1.19 13:49:16
846 441 24.64 22.65 1.11 13:49:16
847 433 60.48 22.65 1.45 13:49:16
848 442 24.64 22.65 1.45 13:49:16
849 434 61.19 121.48 0.77 13:49:16
850 443 24.64 22.65 0.77 13:49:16
851 435 61.2 121.48 1.53 13:49:16
852 444 24.64 22.65 1.19 13:49:16
853 436 61.2 121.48 2.21 13:49:16
854 445 24.64 22.65 0.6 13:49:16
855 437 61.2 121.48 0.77 13:49:16
856 446 24.64 22.65 1.11 13:49:16
857 438 61.2 121.48 1.79 13:49:16
858 447 24.64 22.65 0.68 13:49:16
859 439 61.2 121.48 1.45 13:49:16
860 448 24.64 22.65 1.11 13:49:17
861 440 60.48 22.65 0.6 13:49:17
862 449 24.64 22.65 0.6 13:49:17
863 441 61.2 121.48 1.7 13:49:17
864 450 24.64 22.65 0.94 13:49:17
865 442 61.2 121.48 1.45 13:49:17
866 451 24.64 22.65 1.11 13:49:17
867 443 61.2 121.48 2.04 13:49:17
868 452 24.64 22.65 0.51 13:49:17
869 444 61.2 121.48 0.94 13:49:17
870 453 24.65 22.65 1.19 13:49:17
871 445 61.2 121.48 2.13 13:49:17
872 454 24.65 22.65 0.51 13:49:17
873 455 24.65 22.65 1.28 13:49:17
874 455 24.65 22.65 1.28 13:49:17
875 447 61.22 121.48 1.79 13:49:17
876 456 24.65 22.65 0.77 13:49:17
877 448 61.22 121.48 1.28 13:49:17
878 457 24.65 22.65 1.45 13:49:17
879 449 60.49 22.65 0.85 13:49:17
880 458 24.65 22.65 0.85 13:49:17
881 450 61.22 121.48 1.7 13:49:17
882 459 24.64 22.65 0.94 13:49:17
883 451 61.22 22.65 1.19 13:49:17
884 460 24.64 22.65 1.19 13:49:17
885 452 61.23 119.75 0.68 13:49:17
886 461 24.64 22.65 0.68 13:49:17
887 453 61.23 121.48 0.77 13:49:17
888 462 24.64 22.65 1.19 13:49:17
889 454 61.23 121.48 2.04 13:49:17
890 463 24.64 22.65 0.85 13:49:17
891 455 60.48 22.65 1.11 13:49:17
892 464 24.64 22.65 1.11 13:49:17
893 456 61.23 121.48 1.79 13:49:17
894 465 24.66 22.65 0.77 13:49:17
895 457 24.66 22.65 1.36 13:49:17
896 466 24.66 22.65 1.36 13:49:17
897 458 61.23 121.48 1.45 13:49:17
898 467 24.66 22.65 1.02 13:49:17
899 459 60.5 22.65 0.68 13:49:17
900 468 24.66 22.65 0.68 13:49:18
901 460 61.23 121.48 1.11 13:49:18
902 469 24.66 22.65 1.28 13:49:18
903 461 61.23 121.48 0.68 13:49:18
904 470 24.66 22.65 0.68 13:49:18
905 462 61.23 121.48 0.6 13:49:18
906 471 24.66 22.65 1.28 13:49:18
907 463 61.23 121.48 1.53 13:49:18
908 472 24.66 22.65 0.68 13:49:18
909 464 61.23 121.48 1.53 13:49:18
910 473 24.66 22.65 1.11 13:49:18
911 465 61.23 121.48 1.53 13:49:18
912 474 24.66 22.65 0.77 13:49:18
913 466 61.23 121.48 1.02 13:49:18
914 475 24.66 22.65 0.94 13:49:18
915 467 61.23 121.48 1.36 13:49:18
916 476 24.66 22.65 0.94 13:49:18
917 468 61.25 121.48 1.62 13:49:18
918 477 24.66 22.65 0.85 13:49:18
919 469 61.25 121.48 1.36 13:49:18
920 478 24.67 22.65 1.28 13:49:18
921 470 61.25 121.48 2.21 13:49:18
922 479 24.67 22.65 0.85 13:49:18
923 471 61.25 121.48 0.51 13:49:18
924 480 24.67 22.65 1.11 13:49:18
925 472 61.25 121.48 1.62 13:49:18
926 481 24.67 22.65 0.51 13:49:18
927 473 61.25 121.48 1.53 13:49:18
928 482 24.67 22.65 1.19 13:49:18
929 474 61.25 121.48 1.36 13:49:18
930 483 24.67 22.65 0.51 13:49:18
931 475 60.51 22.65 0.85 13:49:18
932 484 24.67 22.65 0.85 13:49:18
933 476 61.25 121.48 1.36 13:49:18
934 485 24.66 22.65 1.11 13:49:18
935 477 60.5 22.65 0.77 13:49:18
936 486 24.66 22.65 0.77 13:49:18
937 478 61.25 121.48 0.51 13:49:18
938 487 24.66 22.65 1.28 13:49:18
939 479 61.27 22.65 0.6 13:49:18
940 488 24.66 22.65 0.6 13:49:19
941 480 61.27 121.48 1.36 13:49:19
942 489 24.66 22.65 1.11 13:49:19
943 481 61.27 121.48 1.79 13:49:19
944 490 24.66 22.65 0.68 13:49:19
945 482 61.27 121.48 1.11 13:49:19
946 491 24.66 22.65 1.11 13:49:19
947 483 61.27 121.48 1.96 13:49:19
948 492 24.66 22.65 0.77 13:49:19
949 484 61.27 121.48 1.7 13:49:19
950 493 24.66 22.65 0.85 13:49:19
951 485 60.5 22.65 1.11 13:49:19
952 494 24.66 22.65 1.11 13:49:19
953 486 61.26 121.48 1.79 13:49:19
954 495 24.66 22.65 0.51 13:49:19
955 487 61.26 121.48 1.45 13:49:19
956 496 24.66 22.65 0.85 13:49:19
957 488 61.26 121.48 1.79 13:49:19
958 497 24.67 22.65 0.68 13:49:19
959 489 61.26 121.48 1.28 13:49:19
960 498 24.67 22.65 1.02 13:49:19
961 490 61.28 121.48 1.62 13:49:19
962 499 24.67 22.65 0.77 13:49:19
963 491 61.28 121.48 1.28 13:49:19
964 500 24.67 22.65 1.53 13:49:19
965 492 61.28 121.48 1.62 13:49:19
966 501 24.67 22.65 1.11 13:49:19
967 493 61.28 121.48 1.36 13:49:19
968 502 24.67 22.65 0.94 13:49:19
969 494 61.28 121.48 1.53 13:49:19
970 503 24.67 22.65 0.94 13:49:19
971 495 61.28 121.48 2.3 13:49:19
972 504 24.67 22.65 0.6 13:49:19
973 496 61.28 121.48 0.77 13:49:19
974 505 24.67 22.65 1.19 13:49:19
975 497 61.28 121.48 1.53 13:49:19
976 506 24.67 22.65 0.77 13:49:19
977 498 61.28 121.48 1.45 13:49:19
978 507 24.67 22.65 1.11 13:49:19
979 499 61.28 121.48 1.96 13:49:19
980 508 24.67 22.65 0.77 13:49:20
981 500 61.28 121.48 0.94 13:49:20
982 509 24.67 22.65 0.68 13:49:20
983 501 61.29 121.48 1.36 13:49:20
984 510 24.68 22.65 0.94 13:49:20
985 502 24.68 22.65 0.77 13:49:20
986 511 24.68 22.65 0.77 13:49:20
987 503 61.29 119.75 1.19 13:49:20
988 512 24.68 22.65 1.19 13:49:20
989 504 61.29 121.48 2.21 13:49:20
990 513 24.68 22.65 0.34 13:49:20
991 505 61.29 121.48 0.68 13:49:20
992 514 24.68 22.65 0.94 13:49:20
993 506 61.29 121.48 1.7 13:49:20
994 506 61.29 121.48 1.7 13:49:20
995 515 24.68 22.65 0.68 13:49:20
996 507 61.3 121.48 1.87 13:49:20
997 516 24.68 22.65 1.19 13:49:20
998 508 61.3 121.48 1.7 13:49:20
999 517 24.68 22.65 0.43 13:49:20
1000 509 60.52 22.65 0.77 13:49:20
1001 518 24.68 22.65 0.77 13:49:20
1002 510 61.3 22.65 1.02 13:49:20
1003 519 24.68 22.65 1.02 13:49:20
1004 511 60.52 22.65 0.85 13:49:20
1005 520 24.68 22.65 0.85 13:49:20
1006 512 61.3 121.48 0.94 13:49:20
1007 521 24.68 22.65 1.28 13:49:20
1008 513 61.32 121.48 2.55 13:49:20
1009 522 24.68 22.65 0.6 13:49:20
1010 514 61.32 121.48 1.45 13:49:20
1011 523 24.68 22.65 1.11 13:49:20
1012 515 61.32 121.48 1.53 13:49:20
1013 524 24.68 22.65 0.94 13:49:20
1014 525 24.68 22.65 1.19 13:49:20
1015 525 24.68 22.65 1.19 13:49:20
1016 517 61.32 22.65 1.02 13:49:20
1017 526 24.68 22.65 1.02 13:49:20
1018 518 61.32 121.48 1.53 13:49:20
1019 527 24.68 22.65 0.77 13:49:20
1020 519 24.68 22.65 1.19 13:49:20
1021 528 24.68 22.65 1.19 13:49:21
1022 520 61.32 121.48 1.7 13:49:21
1023 529 24.68 22.65 0.85 13:49:21
1024 521 61.32 121.48 0.85 13:49:21
1025 530 24.68 22.65 1.19 13:49:21
1026 522 61.32 121.48 2.3 13:49:21
1027 531 24.68 22.69 0.68 13:49:21
1028 523 61.32 121.48 1.45 13:49:21
1029 532 24.68 22.69 1.02 13:49:21
1030 524 61.33 121.48 1.7 13:49:21
1031 533 24.68 22.69 0.77 13:49:21
1032 525 61.33 121.48 1.45 13:49:21
1033 534 24.68 22.69 1.45 13:49:21
1034 526 61.33 121.48 1.45 13:49:21
1035 535 24.68 22.69 0.85 13:49:21
1036 527 61.33 121.48 1.62 13:49:21
1037 536 24.68 22.69 0.85 13:49:21
1038 528 60.52 22.65 0.77 13:49:21
1039 537 24.68 22.65 0.77 13:49:21
1040 529 61.35 121.48 2.21 13:49:21
1041 538 24.68 22.65 0.68 13:49:21
1042 530 61.35 121.48 0.6 13:49:21
1043 539 24.68 22.65 1.36 13:49:21
1044 531 61.35 121.48 1.7 13:49:21
1045 540 24.68 22.65 0.68 13:49:21
1046 532 61.35 121.48 1.28 13:49:21
1047 541 24.68 22.65 0.6 13:49:21
1048 533 61.35 121.48 1.62 13:49:21
1049 542 24.7 22.65 0.77 13:49:21
1050 534 61.35 121.48 1.19 13:49:21
1051 543 24.7 22.65 0.94 13:49:21
1052 535 61.35 121.48 1.36 13:49:21
1053 544 24.7 22.65 1.02 13:49:21
1054 536 61.35 121.48 1.7 13:49:21
1055 545 24.7 22.65 0.77 13:49:21
1056 537 61.35 121.48 1.45 13:49:21
1057 546 24.7 22.65 1.11 13:49:21
1058 538 61.35 121.48 2.3 13:49:21
1059 547 24.7 22.65 0.68 13:49:21
1060 539 61.35 121.48 0.94 13:49:21
1061 548 24.7 22.65 1.11 13:49:22
1062 540 61.35 121.48 1.87 13:49:22
1063 549 24.7 22.65 0.68 13:49:22
1064 541 61.35 121.48 1.36 13:49:22
1065 550 24.7 22.65 1.11 13:49:22
1066 542 61.35 121.48 1.36 13:49:22
1067 551 24.7 22.65 1.02 13:49:22
1068 543 61.35 121.48 1.62 13:49:22
1069 552 24.7 22.65 0.77 13:49:22
1070 544 61.35 121.48 1.36 13:49:22
1071 553 24.7 22.65 0.94 13:49:22
1072 545 61.35 121.48 1.79 13:49:22
1073 554 24.7 22.65 0.85 13:49:22
1074 546 61.34 121.48 0.85 13:49:22
1075 555 24.7 22.65 1.19 13:49:22
1076 547 61.34 121.48 2.38 13:49:22
1077 556 24.7 22.65 1.02 13:49:22
1078 548 61.34 121.48 1.36 13:49:22
1079 557 24.7 22.65 1.19 13:49:22
1080 549 61.34 121.48 1.7 13:49:22
1081 558 24.7 22.65 0.85 13:49:22
1082 550 61.34 121.48 1.53 13:49:22
1083 559 24.7 22.65 0.77 13:49:22
1084 551 61.37 121.48 1.36 13:49:22
1085 560 24.7 22.65 0.94 13:49:22
1086 552 61.37 121.48 1.7 13:49:22
1087 561 24.7 22.65 0.6 13:49:22
1088 553 61.37 121.48 0.85 13:49:22
1089 562 24.7 22.65 0.77 13:49:22
1090 554 61.37 121.48 1.62 13:49:22
1091 563 24.7 22.65 0.34 13:49:22
1092 555 61.37 121.48 0.68 13:49:22
1093 564 24.7 22.65 1.28 13:49:22
1094 556 61.37 121.48 1.7 13:49:22
1095 565 24.7 22.65 0.85 13:49:22
1096 557 61.37 121.48 1.53 13:49:22
1097 566 24.7 22.65 1.19 13:49:22
1098 558 61.37 121.48 1.28 13:49:22
1099 567 24.7 22.65 0.77 13:49:22
1100 559 61.37 121.48 1.53 13:49:22
1101 568 24.7 22.65 0.94 13:49:23
1102 560 61.37 121.48 1.45 13:49:23
1103 569 24.7 22.65 0.85 13:49:23
1104 561 61.37 121.48 1.53 13:49:23
1105 570 24.7 22.65 0.77 13:49:23
1106 562 60.54 22.65 1.28 13:49:23
1107 571 24.7 22.65 1.28 13:49:23
1108 563 61.39 121.48 2.13 13:49:23
1109 572 24.7 22.65 0.51 13:49:23
1110 564 61.39 20.16 0.77 13:49:23
1111 573 24.7 22.65 1.19 13:49:23
1112 565 61.39 20.16 1.7 13:49:23
1113 574 24.71 22.65 0.77 13:49:23
1114 566 61.39 22.65 1.02 13:49:23
1115 575 24.71 22.65 1.02 13:49:23
1116 567 61.39 20.16 1.53 13:49:23
1117 576 24.71 22.65 2.64 13:49:23
1118 568 25.43 20.16 1.7 13:49:23
1119 577 24.71 22.65 0.85 13:49:23
1120 569 25.43 20.16 1.62 13:49:23
1121 578 24.71 22.65 1.11 13:49:23
1122 570 25.43 20.2 2.3 13:49:23
1123 579 24.71 22.65 0.51 13:49:23
1124 571 25.43 20.2 1.11 13:49:23
1125 580 24.71 22.65 1.11 13:49:23
1126 572 25.43 20.2 1.87 13:49:23
1127 581 24.71 22.65 0.6 13:49:23
1128 573 25.43 20.2 1.45 13:49:23
1129 582 24.71 22.65 0.77 13:49:23
1130 574 25.43 20.2 1.79 13:49:23
1131 583 24.71 22.65 0.77 13:49:23
1132 575 25.43 20.2 1.62 13:49:23
1133 584 24.71 22.65 1.11 13:49:23
1134 576 25.43 22.65 0.94 13:49:23
1135 585 24.71 22.65 0.94 13:49:23
1136 577 25.43 20.16 1.7 13:49:23
1137 586 24.71 22.65 1.02 13:49:23
1138 578 25.43 20.16 1.36 13:49:23
1139 587 24.71 22.65 1.02 13:49:23
1140 579 25.43 20.16 2.72 13:49:23
1141 588 24.71 22.65 0.6 13:49:24
1142 580 25.44 20.16 0.6 13:49:24
1143 589 24.71 22.65 1.11 13:49:24
1144 581 25.44 20.16 2.21 13:49:24
1145 590 24.71 22.65 0.77 13:49:24
1146 582 25.44 20.16 1.45 13:49:24
1147 591 24.71 22.65 1.11 13:49:24
1148 583 25.44 20.16 1.7 13:49:24
1149 592 24.71 22.65 0.77 13:49:24
1150 584 25.44 20.16 1.62 13:49:24
1151 593 24.71 22.65 1.36 13:49:24
1152 585 24.72 22.65 0.85 13:49:24
1153 594 24.72 22.65 0.85 13:49:24
1154 586 25.44 20.16 1.53 13:49:24
1155 595 24.72 22.65 0.85 13:49:24
1156 587 25.44 119.75 0.85 13:49:24
1157 596 24.72 22.65 0.85 13:49:24
1158 588 24.72 22.65 0.68 13:49:24
1159 597 24.72 22.65 0.68 13:49:24
1160 589 25.44 121.48 0.68 13:49:24
1161 598 24.72 22.65 1.28 13:49:24
1162 590 25.44 121.48 1.7 13:49:24
1163 599 24.72 22.65 0.77 13:49:24
1164 591 61.39 121.48 1.45 13:49:24
1165 600 24.73 22.65 1.02 13:49:24
1166 592 61.39 121.48 1.62 13:49:24
1167 601 24.73 22.65 0.68 13:49:24
1168 593 61.39 121.48 0.94 13:49:24
1169 602 24.73 22.65 0.17 13:49:24
1170 594 61.39 121.48 1.45 13:49:24
1171 603 24.73 22.65 0.6 13:49:24
1172 595 24.73 22.65 0.85 13:49:24
1173 604 24.73 22.65 0.85 13:49:24
1174 596 24.73 22.65 1.28 13:49:24
1175 605 24.73 22.65 1.28 13:49:24
1176 597 61.42 121.48 2.38 13:49:24
1177 606 24.73 22.65 0.68 13:49:24
1178 598 61.42 121.48 0.68 13:49:24
1179 607 24.73 22.65 1.28 13:49:24
1180 599 60.57 22.65 0.77 13:49:24
1181 608 24.73 22.65 0.77 13:49:25
1182 600 61.42 119.75 1.19 13:49:25
1183 609 24.73 22.65 1.19 13:49:25
1184 601 61.42 121.48 1.45 13:49:25
1185 610 24.73 22.65 1.02 13:49:25
1186 602 61.42 121.48 0.94 13:49:25
1187 611 24.73 22.65 0.94 13:49:25
1188 603 61.43 121.48 1.45 13:49:25
1189 612 24.73 22.65 0.94 13:49:25
1190 604 61.43 121.48 1.96 13:49:25
1191 613 24.73 22.65 0.77 13:49:25
1192 605 60.57 22.65 1.11 13:49:25
1193 614 24.73 22.65 1.11 13:49:25
1194 606 61.43 121.48 2.3 13:49:25
1195 615 24.73 22.65 0.68 13:49:25
1196 607 61.43 121.48 1.45 13:49:25
1197 616 24.73 22.65 1.11 13:49:25
1198 608 61.43 121.48 1.36 13:49:25
1199 617 24.73 22.65 0.77 13:49:25
1200 609 61.43 121.48 1.36 13:49:25
1201 618 24.73 22.65 0.68 13:49:25
1202 610 61.43 121.48 1.62 13:49:25
1203 619 24.74 22.65 1.02 13:49:25
1204 611 61.43 121.48 1.96 13:49:25
1205 620 24.74 22.65 0.94 13:49:25
1206 612 61.43 121.48 1.45 13:49:25
1207 621 24.74 22.65 1.36 13:49:25
1208 613 61.43 121.48 1.45 13:49:25
1209 622 24.74 22.65 0.68 13:49:25
1210 614 61.44 121.48 1.02 13:49:25
1211 623 24.74 22.65 1.02 13:49:25
1212 615 61.44 121.48 1.79 13:49:25
1213 624 24.74 22.65 0.68 13:49:25
1214 616 61.44 121.48 1.36 13:49:25
1215 625 24.74 22.65 1.02 13:49:25
1216 617 61.44 121.48 1.7 13:49:25
1217 626 24.74 22.65 0.77 13:49:25
1218 618 61.44 121.48 1.7 13:49:25
1219 627 24.74 22.65 0.94 13:49:25
1220 619 61.45 121.48 1.53 13:49:25
1221 628 24.74 22.65 1.02 13:49:26
1222 620 61.45 121.48 1.62 13:49:26
1223 629 24.74 22.65 0.85 13:49:26
1224 621 61.45 121.48 0.77 13:49:26
1225 630 24.74 22.65 1.11 13:49:26
1226 622 61.45 121.48 2.13 13:49:26
1227 631 24.74 22.65 0.6 13:49:26
1228 623 61.45 121.48 0.68 13:49:26
1229 632 24.74 22.65 1.02 13:49:26
1230 624 61.45 121.48 1.62 13:49:26
1231 633 24.74 22.65 0.77 13:49:26
1232 625 60.58 22.65 1.19 13:49:26
1233 634 24.74 22.65 1.19 13:49:26
1234 635 24.74 22.65 0.43 13:49:26
1235 635 24.74 22.65 0.43 13:49:26
1236 627 61.46 121.48 1.7 13:49:26
1237 636 24.74 22.65 0.77 13:49:26
1238 628 24.74 22.65 0.94 13:49:26
1239 637 24.74 22.65 0.94 13:49:26
1240 629 61.46 121.48 2.3 13:49:26
1241 638 24.74 22.65 0.94 13:49:26
1242 630 61.47 121.48 0.94 13:49:26
1243 639 24.75 22.65 1.28 13:49:26
1244 631 61.47 121.48 2.3 13:49:26
1245 640 24.75 22.65 0.85 13:49:26
1246 632 61.47 121.48 1.19 13:49:26
1247 641 24.75 22.65 0.77 13:49:26
1248 633 61.47 22.65 0.77 13:49:26
1249 642 24.75 22.65 0.77 13:49:26
1250 634 61.47 121.48 1.45 13:49:26
1251 643 24.75 22.65 0.94 13:49:26
1252 635 61.47 121.48 1.62 13:49:26
1253 644 24.75 22.65 0.94 13:49:26
1254 636 61.48 121.48 1.53 13:49:26
1255 645 24.75 22.65 0.94 13:49:26
1256 637 61.48 121.48 0.94 13:49:26
1257 646 24.75 22.65 0.94 13:49:26
1258 638 61.48 121.48 1.62 13:49:26
1259 647 24.75 22.65 0.51 13:49:26
1260 639 61.48 121.48 0.77 13:49:26
1261 648 24.75 22.65 1.19 13:49:27
1262 640 24.75 22.65 0.68 13:49:27
1263 649 24.75 22.65 0.68 13:49:27
1264 641 61.48 121.48 1.11 13:49:27
1265 650 24.75 22.65 1.02 13:49:27
1266 642 24.75 22.65 0.85 13:49:27
1267 651 24.75 22.65 0.85 13:49:27
1268 643 61.48 121.48 1.53 13:49:27
1269 652 24.75 22.65 0.85 13:49:27
1270 644 61.48 121.48 1.53 13:49:27
1271 653 24.75 22.65 1.11 13:49:27
1272 645 61.48 121.48 1.53 13:49:27
1273 654 24.75 22.65 0.77 13:49:27
1274 646 61.48 121.48 0.94 13:49:27
1275 655 24.75 22.65 1.19 13:49:27
1276 647 61.5 121.48 2.04 13:49:27
1277 656 24.75 22.65 0.6 13:49:27
1278 648 61.5 121.48 0.77 13:49:27
1279 657 24.75 22.65 0.85 13:49:27
1280 649 61.5 121.48 1.53 13:49:27
1281 658 24.75 22.65 0.77 13:49:27
1282 650 61.5 121.48 1.36 13:49:27
1283 659 24.75 22.65 1.11 13:49:27
1284 651 61.5 121.48 1.62 13:49:27
1285 660 24.75 22.65 0.68 13:49:27
1286 652 61.51 121.48 1.53 13:49:27
1287 661 24.75 22.65 0.94 13:49:27
1288 653 61.51 121.48 1.7 13:49:27
1289 662 24.75 22.65 1.02 13:49:27
1290 654 61.51 121.48 1.62 13:49:27
1291 663 24.75 22.65 0.94 13:49:27
1292 655 61.51 121.48 0.85 13:49:27
1293 664 24.76 22.65 1.19 13:49:27
1294 656 61.51 121.48 2.13 13:49:27
1295 665 24.76 22.65 0.51 13:49:27
1296 657 61.51 121.48 1.28 13:49:27
1297 666 24.76 22.62 0.94 13:49:27
1298 658 61.51 121.48 1.19 13:49:27
1299 667 24.76 22.62 1.02 13:49:27
1300 659 61.51 121.48 1.36 13:49:27
1301 668 24.76 22.62 1.19 13:49:28
1302 660 61.51 121.48 1.45 13:49:28
1303 669 24.76 22.62 0.6 13:49:28
1304 661 61.51 121.48 0.94 13:49:28
1305 670 24.76 22.62 0.85 13:49:28
1306 662 61.51 121.48 1.28 13:49:28
1307 671 24.76 22.62 0.0 13:49:28
1308 663 61.51 121.48 2.38 13:49:28
1309 672 24.76 22.65 0.68 13:49:28
1310 664 61.52 121.48 0.94 13:49:28
1311 673 24.76 22.65 1.28 13:49:28
1312 665 61.52 121.48 1.79 13:49:28
1313 674 24.76 22.65 0.0 13:49:28
1314 666 61.52 121.48 1.36 13:49:28
1315 675 24.76 22.65 1.11 13:49:28
1316 667 61.52 121.48 1.53 13:49:28
1317 676 24.76 22.65 0.77 13:49:28
1318 668 61.52 121.48 1.36 13:49:28
1319 677 24.76 22.65 0.94 13:49:28
1320 669 61.53 121.48 1.45 13:49:28
1321 678 24.76 22.65 0.94 13:49:28
1322 670 61.53 121.48 1.7 13:49:28
1323 679 24.76 22.65 1.02 13:49:28
1324 671 61.53 121.48 1.11 13:49:28
1325 680 24.76 22.65 1.19 13:49:28
1326 672 61.53 121.48 2.3 13:49:28
1327 681 24.76 22.65 0.68 13:49:28
1328 673 60.6 22.65 1.11 13:49:28
1329 682 24.76 22.65 1.11 13:49:28
1330 674 61.53 121.48 1.62 13:49:28
1331 683 24.76 22.65 0.94 13:49:28
1332 675 61.53 121.48 1.19 13:49:28
1333 684 24.77 22.65 1.11 13:49:28
1334 676 61.53 121.48 1.53 13:49:28
1335 685 24.77 22.65 0.85 13:49:28
1336 677 61.53 121.48 1.53 13:49:28
1337 686 24.77 22.65 0.51 13:49:28
1338 678 61.53 121.48 1.45 13:49:28
1339 687 24.77 22.65 0.94 13:49:28
1340 679 61.53 121.48 1.7 13:49:28
1341 688 24.77 22.65 0.43 13:49:29
1342 680 61.54 121.48 0.94 13:49:29
1343 689 24.77 22.65 1.02 13:49:29
1344 681 61.54 121.48 2.21 13:49:29
1345 690 24.77 22.65 0.68 13:49:29
1346 682 61.54 121.48 1.53 13:49:29
1347 691 24.77 22.65 1.19 13:49:29
1348 683 61.54 121.48 1.53 13:49:29
1349 692 24.77 22.65 0.77 13:49:29
1350 684 61.54 121.48 1.53 13:49:29
1351 693 24.77 22.65 1.11 13:49:29
1352 685 61.54 121.48 1.53 13:49:29
1353 694 24.77 22.65 0.43 13:49:29
1354 686 61.56 121.48 1.62 13:49:29
1355 695 24.77 22.65 0.85 13:49:29
1356 687 60.61 22.65 1.11 13:49:29
1357 696 24.77 22.65 1.11 13:49:29
1358 688 61.56 121.48 2.04 13:49:29
1359 697 24.77 22.65 0.85 13:49:29
1360 689 60.61 22.62 1.28 13:49:29
1361 698 24.77 22.62 1.28 13:49:29
1362 690 61.56 121.48 2.21 13:49:29
1363 699 24.77 22.62 0.85 13:49:29
1364 691 60.61 22.62 1.02 13:49:29
1365 700 24.77 22.62 1.02 13:49:29
1366 692 61.56 121.48 1.79 13:49:29
1367 701 24.77 22.62 0.77 13:49:29
1368 693 61.56 121.48 1.36 13:49:29
1369 702 24.77 22.62 1.11 13:49:29
1370 694 60.62 22.62 1.45 13:49:29
1371 703 24.78 22.62 1.45 13:49:29
1372 695 61.56 121.48 1.53 13:49:29
1373 704 24.78 22.65 0.94 13:49:29
1374 696 61.56 121.48 1.11 13:49:29
1375 705 24.78 22.65 1.11 13:49:29
1376 697 61.59 121.48 2.13 13:49:29
1377 706 24.78 22.65 1.02 13:49:29
1378 698 61.59 121.48 0.6 13:49:29
1379 707 24.78 22.65 1.11 13:49:29
1380 699 61.59 121.48 1.62 13:49:29
1381 708 24.78 22.65 0.77 13:49:30
1382 700 61.59 121.48 1.45 13:49:30
1383 709 24.78 22.65 1.28 13:49:30
1384 701 61.59 121.48 1.7 13:49:30
1385 710 24.78 22.65 0.94 13:49:30
1386 703 61.59 121.48 1.28 13:49:30
1387 711 24.78 22.59 0.51 13:49:30
1388 712 24.78 22.59 1.02 13:49:30
1389 704 61.59 121.48 2.21 13:49:30
1390 713 24.78 22.59 0.6 13:49:30
1391 705 61.59 121.48 0.68 13:49:30
1392 714 24.78 22.59 0.94 13:49:30
1393 706 61.59 121.48 1.7 13:49:30
1394 715 24.78 22.59 0.68 13:49:30
1395 707 61.59 121.48 1.28 13:49:30
1396 716 24.78 22.59 0.94 13:49:30
1397 708 61.59 121.48 1.53 13:49:30
1398 717 24.78 22.59 0.85 13:49:30
1399 709 61.59 121.48 1.53 13:49:30
1400 718 24.78 22.59 1.02 13:49:30
1401 710 61.59 121.48 1.45 13:49:30
1402 719 24.78 22.59 0.94 13:49:30
1403 711 61.59 121.48 1.11 13:49:30
1404 720 24.78 22.59 0.85 13:49:30
1405 712 61.59 121.48 1.53 13:49:30
1406 721 24.78 22.59 0.94 13:49:30
1407 713 61.59 121.48 2.38 13:49:30
1408 722 24.78 22.59 0.77 13:49:30
1409 714 61.61 121.48 0.51 13:49:30
1410 723 24.78 22.59 1.28 13:49:30
1411 715 61.61 121.48 2.38 13:49:30
1412 724 24.78 22.62 1.19 13:49:30
1413 716 61.61 121.48 1.28 13:49:30
1414 725 24.78 22.62 1.28 13:49:30
1415 726 24.78 22.62 0.77 13:49:30
1416 726 24.78 22.62 0.77 13:49:30
1417 718 61.61 121.48 1.7 13:49:30
1418 727 24.78 22.62 0.85 13:49:30
1419 719 61.61 121.48 1.7 13:49:30
1420 728 24.78 22.62 1.11 13:49:31
1421 720 61.61 121.48 0.94 13:49:31
1422 729 24.79 22.62 0.94 13:49:31
1423 721 61.61 121.48 1.02 13:49:31
1424 730 24.79 22.65 1.02 13:49:31
1425 722 61.61 121.48 1.87 13:49:31
1426 731 24.79 22.65 0.6 13:49:31
1427 723 61.61 121.48 0.85 13:49:31
1428 732 24.79 22.65 1.11 13:49:31
1429 724 61.61 121.48 1.79 13:49:31
1430 733 24.79 22.65 0.77 13:49:31
1431 725 61.62 121.48 1.11 13:49:31
1432 734 24.79 22.65 1.02 13:49:31
1433 726 24.8 22.65 1.02 13:49:31
1434 735 24.8 22.65 1.02 13:49:31
1435 727 60.64 22.62 0.94 13:49:31
1436 736 24.8 22.62 0.94 13:49:31
1437 728 61.62 121.48 1.53 13:49:31
1438 737 24.8 22.62 1.11 13:49:31
1439 729 61.62 121.48 1.62 13:49:31
1440 738 24.8 22.62 0.51 13:49:31
1441 730 61.63 121.48 1.62 13:49:31
1442 739 24.8 22.62 1.19 13:49:31
1443 731 61.63 22.62 0.6 13:49:31
1444 740 24.8 22.62 0.6 13:49:31
1445 732 61.63 121.48 1.36 13:49:31
1446 741 24.8 22.62 1.11 13:49:31
1447 733 61.63 121.48 1.87 13:49:31
1448 742 24.8 22.62 0.85 13:49:31
1449 734 61.63 121.48 1.45 13:49:31
1450 743 24.8 22.59 1.28 13:49:31
1451 735 61.63 121.48 1.45 13:49:31
1452 744 24.8 22.59 1.02 13:49:31
1453 736 61.63 121.48 0.85 13:49:31
1454 745 24.8 22.59 0.85 13:49:31
1455 737 61.63 121.48 0.94 13:49:31
1456 746 24.8 22.59 1.02 13:49:31
1457 738 61.63 121.48 2.21 13:49:31
1458 747 24.8 22.59 0.6 13:49:31
1459 739 61.63 121.48 0.68 13:49:31
1460 748 24.8 22.59 1.19 13:49:32
1461 740 61.63 121.48 0.51 13:49:32
1462 749 24.8 22.62 0.51 13:49:32
1463 741 61.64 121.48 1.45 13:49:32
1464 741 61.64 121.48 1.45 13:49:32
1465 750 24.8 22.62 0.94 13:49:32
1466 751 24.8 22.62 0.51 13:49:32
1467 751 24.8 22.62 0.51 13:49:32
1468 743 61.64 121.48 1.28 13:49:32
1469 752 24.8 22.62 0.94 13:49:32
1470 744 61.64 121.48 1.36 13:49:32
1471 753 24.8 22.62 0.85 13:49:32
1472 745 61.64 121.48 1.45 13:49:32
1473 754 24.8 22.62 1.19 13:49:32
1474 746 61.64 121.48 1.02 13:49:32
1475 755 24.8 22.62 1.11 13:49:32
1476 747 61.64 22.59 0.68 13:49:32
1477 756 24.8 22.59 1.11 13:49:32
1478 748 61.64 121.48 0.68 13:49:32
1479 757 24.8 22.59 1.11 13:49:32
1480 749 61.64 121.48 1.7 13:49:32
1481 758 24.8 22.59 0.77 13:49:32
1482 750 61.64 121.48 0.85 13:49:32
1483 759 24.8 22.59 0.94 13:49:32
1484 751 61.64 121.48 1.62 13:49:32
1485 760 24.8 22.59 0.85 13:49:32
1486 752 61.65 121.48 1.02 13:49:32
1487 761 24.81 22.59 0.85 13:49:32
1488 753 61.65 121.48 1.36 13:49:32
1489 762 24.81 22.59 1.02 13:49:32
1490 754 61.65 121.48 1.62 13:49:32
1491 763 24.81 22.59 0.51 13:49:32
1492 755 61.65 121.48 1.7 13:49:32
1493 764 24.81 22.59 1.28 13:49:32
1494 756 61.65 121.48 1.7 13:49:32
1495 765 24.81 22.59 0.85 13:49:32
1496 757 61.65 121.48 1.36 13:49:32
1497 766 24.81 22.59 1.02 13:49:32
1498 758 61.66 121.48 1.62 13:49:32
1499 767 24.82 22.59 0.94 13:49:32
1500 759 61.66 121.48 1.45 13:49:32
1501 768 24.82 22.59 0.43 13:49:33
1502 760 61.66 121.48 1.53 13:49:33
1503 769 24.82 22.59 0.94 13:49:33
1504 761 60.66 22.59 1.19 13:49:33
1505 770 24.82 22.59 1.19 13:49:33
1506 762 60.66 22.59 1.11 13:49:33
1507 771 24.82 22.59 1.11 13:49:33
1508 763 61.67 119.7 0.68 13:49:33
1509 772 24.82 22.59 0.68 13:49:33
1510 764 61.67 121.48 0.85 13:49:33
1511 773 24.82 22.59 1.28 13:49:33
1512 765 61.67 121.48 2.47 13:49:33
1513 774 24.82 22.59 0.85 13:49:33
1514 766 61.67 121.48 1.02 13:49:33
1515 775 24.82 22.59 1.02 13:49:33
1516 767 61.67 121.48 1.87 13:49:33
1517 776 24.82 22.59 0.77 13:49:33
1518 768 61.67 121.48 1.79 13:49:33
1519 777 24.82 22.59 0.94 13:49:33
1520 769 61.67 119.7 1.02 13:49:33
1521 778 24.82 22.59 1.02 13:49:33
1522 770 61.67 121.48 1.53 13:49:33
1523 779 24.82 22.59 1.53 13:49:33
1524 771 60.66 22.59 1.19 13:49:33
1525 780 24.82 22.59 1.19 13:49:33
1526 781 24.82 22.59 0.0 13:49:33
1527 781 24.82 22.59 0.0 13:49:33
1528 773 61.67 22.59 1.11 13:49:33
1529 782 24.82 22.59 1.11 13:49:33
1530 774 61.67 121.48 1.7 13:49:33
1531 783 24.82 22.59 0.77 13:49:33
1532 775 60.66 22.59 1.11 13:49:33
1533 784 24.82 22.59 1.11 13:49:33
1534 776 61.67 121.48 1.79 13:49:33
1535 785 24.82 22.59 0.68 13:49:33
1536 777 61.67 22.59 1.02 13:49:33
1537 786 24.82 22.59 1.02 13:49:33
1538 778 61.67 121.48 1.36 13:49:33
1539 787 24.82 22.59 0.94 13:49:33
1540 779 61.67 121.48 1.87 13:49:33
1541 788 24.82 22.59 0.51 13:49:34
1542 780 60.66 22.59 1.19 13:49:34
1543 789 24.82 22.59 1.19 13:49:34
1544 781 61.7 121.48 2.3 13:49:34
1545 790 24.82 22.59 0.51 13:49:34
1546 782 61.7 121.48 1.45 13:49:34
1547 791 24.82 22.59 1.28 13:49:34
1548 783 61.7 121.48 1.45 13:49:34
1549 792 24.82 22.59 0.51 13:49:34
1550 784 61.7 121.48 1.36 13:49:34
1551 793 24.83 22.59 1.02 13:49:34
1552 785 61.71 121.48 1.7 13:49:34
1553 794 24.83 22.59 0.94 13:49:34
1554 786 61.71 121.48 1.53 13:49:34
1555 795 24.83 22.59 1.36 13:49:34
1556 787 61.71 121.48 1.19 13:49:34
1557 796 24.83 22.59 0.68 13:49:34
1558 788 61.71 121.48 2.38 13:49:34
1559 797 24.83 22.59 0.68 13:49:34
1560 789 61.71 121.48 1.36 13:49:34
1561 798 24.83 22.59 1.53 13:49:34
1562 790 61.71 121.48 2.3 13:49:34
1563 799 24.83 22.59 0.6 13:49:34
1564 791 61.71 121.48 1.19 13:49:34
1565 800 24.83 22.59 1.11 13:49:34
1566 792 24.83 22.59 0.68 13:49:34
1567 801 24.83 22.59 0.68 13:49:34
1568 793 61.71 121.48 1.7 13:49:34
1569 802 24.83 22.59 1.02 13:49:34
1570 794 61.71 121.48 1.79 13:49:34
1571 803 24.83 22.59 1.02 13:49:34
1572 795 61.71 121.48 1.53 13:49:34
1573 804 24.83 22.59 0.77 13:49:34
1574 796 24.83 22.59 1.28 13:49:34
1575 805 24.83 22.59 1.28 13:49:34
1576 797 61.71 121.48 1.53 13:49:34
1577 806 24.83 22.59 0.51 13:49:34
1578 798 61.71 121.48 0.6 13:49:34
1579 807 24.83 22.59 1.11 13:49:34
1580 799 61.71 121.48 1.62 13:49:34
1581 808 24.83 22.59 0.77 13:49:35
1582 800 61.71 121.48 1.11 13:49:35
1583 809 24.83 22.59 1.19 13:49:35
1584 801 61.71 121.48 1.53 13:49:35
1585 810 24.83 22.59 0.77 13:49:35
1586 802 61.72 121.48 1.45 13:49:35
1587 811 24.83 22.59 0.77 13:49:35
1588 803 61.72 22.59 1.02 13:49:35
1589 812 24.83 22.59 1.02 13:49:35
1590 804 61.72 22.62 0.77 13:49:35
1591 813 24.83 22.62 0.77 13:49:35
1592 805 61.72 121.48 1.79 13:49:35
1593 814 24.83 22.62 1.28 13:49:35
1594 806 61.72 121.48 2.13 13:49:35
1595 815 24.83 22.62 0.6 13:49:35
1596 807 61.72 121.48 1.02 13:49:35
1597 816 24.83 22.62 1.11 13:49:35
1598 808 61.74 121.48 1.79 13:49:35
1599 817 24.83 22.62 0.77 13:49:35
1600 809 61.74 121.48 1.62 13:49:35
1601 818 24.84 22.62 1.11 13:49:35
1602 810 61.74 121.48 1.7 13:49:35
1603 819 24.84 22.62 0.94 13:49:35
1604 811 61.74 121.48 1.62 13:49:35
1605 820 24.84 22.59 0.85 13:49:35
1606 812 61.74 121.48 1.53 13:49:35
1607 821 24.84 22.59 1.11 13:49:35
1608 813 61.74 121.48 2.04 13:49:35
1609 822 24.84 22.59 0.6 13:49:35
1610 814 61.74 121.48 1.02 13:49:35
1611 823 24.84 22.59 1.28 13:49:35
1612 815 61.74 121.48 2.47 13:49:35
1613 824 24.84 22.59 0.68 13:49:35
1614 816 61.74 121.48 1.62 13:49:35
1615 825 24.84 22.59 0.77 13:49:35
1616 817 61.74 121.48 2.04 13:49:35
1617 826 24.84 22.59 0.85 13:49:35
1618 818 61.74 121.48 1.53 13:49:35
1619 827 24.84 22.59 0.77 13:49:35
1620 819 24.84 22.59 0.94 13:49:35
1621 828 24.84 22.59 0.94 13:49:36
1622 820 61.75 119.7 0.77 13:49:36
1623 829 24.84 22.59 0.77 13:49:36
1624 821 61.75 121.48 1.28 13:49:36
1625 830 24.84 22.59 1.19 13:49:36
1626 822 61.75 121.48 2.21 13:49:36
1627 831 24.85 22.59 0.6 13:49:36
1628 823 61.75 121.48 0.77 13:49:36
1629 832 24.85 22.59 1.02 13:49:36
1630 824 60.69 22.59 0.68 13:49:36
1631 833 24.85 22.59 0.68 13:49:36
1632 825 61.74 121.48 1.36 13:49:36
1633 834 24.85 22.59 1.11 13:49:36
1634 826 61.74 121.48 1.87 13:49:36
1635 835 24.85 22.59 0.51 13:49:36
1636 827 61.74 121.48 1.19 13:49:36
1637 836 24.85 22.59 0.68 13:49:36
1638 828 60.69 22.59 1.02 13:49:36
1639 837 24.85 22.59 1.02 13:49:36
1640 829 61.74 121.48 1.79 13:49:36
1641 838 24.85 22.59 0.77 13:49:36
1642 830 61.77 121.48 1.53 13:49:36
1643 839 24.85 22.59 1.19 13:49:36
1644 831 61.77 121.48 2.3 13:49:36
1645 840 24.85 22.59 0.68 13:49:36
1646 832 61.77 121.48 1.02 13:49:36
1647 841 24.85 22.59 1.11 13:49:36
1648 833 60.69 22.59 0.68 13:49:36
1649 842 24.85 22.59 0.68 13:49:36
1650 834 61.77 121.48 1.45 13:49:36
1651 843 24.85 22.59 1.02 13:49:36
1652 835 24.86 22.59 0.94 13:49:36
1653 844 24.86 22.59 0.94 13:49:36
1654 844 24.86 22.59 0.94 13:49:36
1655 836 61.76 121.48 1.62 13:49:36
1656 845 24.86 22.65 0.94 13:49:36
1657 837 61.76 121.48 1.45 13:49:36
1658 846 24.86 22.65 1.11 13:49:36
1659 838 61.76 121.48 2.04 13:49:36
1660 847 24.86 22.65 1.02 13:49:36
1661 839 61.76 121.48 0.6 13:49:36
1662 848 24.86 22.65 1.28 13:49:37
1663 840 61.76 121.48 2.3 13:49:37
1664 849 24.86 22.65 0.85 13:49:37
1665 841 61.77 121.48 1.45 13:49:37
1666 850 24.86 22.65 1.19 13:49:37
1667 842 61.77 121.48 1.62 13:49:37
1668 851 24.86 22.65 0.77 13:49:37
1669 843 61.77 121.48 1.28 13:49:37
1670 852 24.86 22.62 1.11 13:49:37
1671 844 61.77 121.48 1.62 13:49:37
1672 853 24.86 22.62 0.94 13:49:37
1673 845 61.77 121.48 1.45 13:49:37
1674 854 24.86 22.62 0.94 13:49:37
1675 846 61.77 121.48 0.68 13:49:37
1676 855 24.86 22.62 1.11 13:49:37
1677 847 61.77 121.48 2.13 13:49:37
1678 856 24.86 22.62 0.51 13:49:37
1679 848 61.77 121.48 0.6 13:49:37
1680 857 24.86 22.62 0.85 13:49:37
1681 849 61.77 121.48 1.53 13:49:37
1682 858 24.86 22.59 0.68 13:49:37
1683 850 61.77 121.48 1.36 13:49:37
1684 859 24.86 22.59 1.11 13:49:37
1685 851 61.77 121.48 1.79 13:49:37
1686 860 24.86 22.59 0.51 13:49:37
1687 852 61.79 121.48 1.19 13:49:37
1688 861 24.86 22.59 0.94 13:49:37
1689 853 61.79 19.89 1.62 13:49:37
1690 854 61.79 19.89 1.7 13:49:37
1691 855 61.79 19.89 1.11 13:49:37
1692 862 24.86 22.59 1.11 13:49:37
1693 863 24.86 22.59 0.77 13:49:37
1694 856 61.79 19.89 2.3 13:49:37
1695 864 24.86 22.59 1.19 13:49:37
1696 865 24.86 22.59 0.68 13:49:37
1697 857 61.79 19.89 1.45 13:49:37
1698 866 24.86 22.59 1.19 13:49:37
1699 858 64.61 19.89 1.62 13:49:37
1700 867 24.86 22.59 0.85 13:49:37
1701 859 64.61 121.48 1.53 13:49:37
1702 868 24.86 22.59 1.11 13:49:38
1703 860 64.61 119.7 0.94 13:49:38
1704 869 24.86 22.59 0.94 13:49:38
1705 861 64.61 121.48 1.7 13:49:38
1706 870 24.87 22.59 0.94 13:49:38
1707 862 64.61 121.48 1.19 13:49:38
1708 871 24.87 22.59 1.11 13:49:38
1709 863 64.61 121.48 2.13 13:49:38
1710 872 24.87 22.59 0.43 13:49:38
1711 864 25.74 121.48 1.28 13:49:38
1712 873 24.87 22.59 1.36 13:49:38
1713 865 25.74 19.82 2.21 13:49:38
1714 874 24.87 22.59 0.77 13:49:38
1715 866 25.74 19.82 1.45 13:49:38
1716 875 24.87 22.59 1.53 13:49:38
1717 867 25.74 19.82 1.36 13:49:38
1718 876 24.87 22.59 0.94 13:49:38
1719 868 25.74 19.82 1.28 13:49:38
1720 877 24.87 22.59 0.85 13:49:38
1721 869 25.74 19.82 1.62 13:49:38
1722 878 24.87 22.59 0.51 13:49:38
1723 870 25.74 19.82 0.85 13:49:38
1724 879 24.87 22.59 0.85 13:49:38
1725 871 25.74 19.82 1.19 13:49:38
1726 880 24.87 22.59 1.02 13:49:38
1727 872 25.74 19.82 1.87 13:49:38
1728 881 24.87 22.59 0.6 13:49:38
1729 873 25.74 19.82 0.68 13:49:38
1730 882 24.87 22.59 1.11 13:49:38
1731 874 25.74 19.82 1.36 13:49:38
1732 883 24.88 22.59 1.02 13:49:38
1733 875 25.74 19.82 1.53 13:49:38
1734 884 24.88 22.59 1.19 13:49:38
1735 876 25.74 19.82 0.77 13:49:38
1736 885 24.88 22.59 0.77 13:49:38
1737 877 25.74 121.48 1.28 13:49:38
1738 886 24.88 22.59 0.85 13:49:38
1739 878 25.74 121.48 1.45 13:49:38
1740 887 24.88 22.59 1.02 13:49:38
1741 879 25.74 121.48 1.53 13:49:38
1742 888 24.88 22.59 1.11 13:49:39
1743 880 25.74 121.48 1.19 13:49:39
1744 889 24.88 22.59 1.36 13:49:39
1745 881 25.74 121.48 2.38 13:49:39
1746 890 24.88 22.59 0.77 13:49:39
1747 882 25.74 121.48 1.02 13:49:39
1748 891 24.88 22.59 1.11 13:49:39
1749 883 25.74 121.48 1.79 13:49:39
1750 892 24.88 22.59 0.85 13:49:39
1751 884 25.74 121.48 1.45 13:49:39
1752 893 24.88 22.59 0.94 13:49:39
1753 885 25.74 119.7 0.94 13:49:39
1754 894 24.88 22.59 0.94 13:49:39
1755 886 25.74 121.48 1.62 13:49:39
1756 895 24.88 22.59 0.94 13:49:39
1757 887 61.83 22.59 1.11 13:49:39
1758 896 24.88 22.59 1.11 13:49:39
1759 888 61.83 121.48 1.87 13:49:39
1760 897 24.88 22.59 0.6 13:49:39
1761 889 61.83 121.48 0.77 13:49:39
1762 898 24.88 22.59 1.28 13:49:39
1763 890 61.83 121.48 2.38 13:49:39
1764 899 24.88 22.59 0.51 13:49:39
1765 891 61.83 121.48 1.28 13:49:39
1766 900 24.88 22.59 1.19 13:49:39
1767 892 61.83 121.48 1.7 13:49:39
1768 901 24.88 22.59 0.85 13:49:39
1769 893 61.83 121.48 1.45 13:49:39
1770 902 24.87 22.59 0.85 13:49:39
1771 894 61.83 121.48 1.62 13:49:39
1772 903 24.87 22.59 0.94 13:49:39
1773 895 61.83 121.48 1.96 13:49:39
1774 904 24.87 22.59 0.68 13:49:39
1775 896 61.83 121.48 1.11 13:49:39
1776 905 24.87 22.59 1.19 13:49:39
1777 897 61.83 121.48 1.87 13:49:39
1778 906 24.87 22.59 0.85 13:49:39
1779 898 61.84 121.48 0.77 13:49:39
1780 907 24.87 22.59 0.85 13:49:39
1781 899 61.84 19.82 1.62 13:49:39
1782 908 24.89 22.59 0.85 13:49:40
1783 900 61.84 19.82 1.53 13:49:40
1784 909 24.89 22.59 1.28 13:49:40
1785 901 61.84 22.59 0.43 13:49:40
1786 910 24.89 22.59 0.43 13:49:40
1787 902 61.84 19.82 0.94 13:49:40
1788 911 24.89 22.59 1.19 13:49:40
1789 903 61.84 19.82 1.53 13:49:40
1790 912 24.89 22.59 1.45 13:49:40
1791 904 25.78 19.82 1.87 13:49:40
1792 913 24.89 22.59 1.02 13:49:40
1793 905 25.78 19.82 1.28 13:49:40
1794 914 24.89 22.59 1.28 13:49:40
1795 906 25.78 19.82 2.3 13:49:40
1796 915 24.88 22.59 0.68 13:49:40
1797 907 25.78 19.82 0.68 13:49:40
1798 916 24.88 22.59 1.28 13:49:40
1799 908 25.78 19.82 1.7 13:49:40
1800 917 24.88 22.59 0.77 13:49:40
1801 909 25.78 19.82 0.94 13:49:40
1802 918 24.88 22.59 0.94 13:49:40
1803 910 25.78 -0.65 1.7 13:49:40
1804 919 24.88 22.59 1.19 13:49:40
1805 911 25.78 -0.65 1.62 13:49:40
1806 920 24.88 22.59 0.94 13:49:40
1807 912 25.78 -0.65 1.36 13:49:40
1808 921 24.89 22.59 1.36 13:49:40
1809 913 25.78 -0.65 1.96 13:49:40
1810 922 24.89 22.59 0.6 13:49:40
1811 914 25.77 -0.65 0.85 13:49:40
1812 923 24.89 22.59 1.28 13:49:40
1813 915 25.77 -0.65 2.47 13:49:40
1814 924 24.89 22.59 0.77 13:49:40
1815 916 25.77 19.82 1.45 13:49:40
1816 925 24.89 22.59 1.19 13:49:40
1817 917 24.89 22.59 0.68 13:49:40
1818 926 24.89 22.59 0.68 13:49:40
1819 918 25.77 19.82 1.36 13:49:40
1820 927 24.89 22.59 0.94 13:49:40
1821 928 24.9 22.59 0.94 13:49:41
1822 928 24.9 22.59 0.94 13:49:41
1823 920 25.77 19.82 1.62 13:49:41
1824 929 24.9 22.59 0.77 13:49:41
1825 921 25.77 19.82 1.11 13:49:41
1826 930 24.9 22.59 1.11 13:49:41
1827 922 25.77 121.48 1.96 13:49:41
1828 931 24.9 22.59 0.43 13:49:41
1829 923 25.77 121.48 0.77 13:49:41
1830 932 24.9 22.59 1.19 13:49:41
1831 924 25.77 121.48 1.62 13:49:41
1832 933 24.9 22.59 0.77 13:49:41
1833 925 25.77 121.48 1.36 13:49:41
1834 934 24.89 22.59 1.19 13:49:41
1835 926 25.78 121.48 1.62 13:49:41
1836 935 24.89 22.59 0.43 13:49:41
1837 927 25.78 121.48 1.28 13:49:41
1838 936 24.89 22.59 0.94 13:49:41
1839 928 25.78 121.48 1.45 13:49:41
1840 937 24.89 22.59 1.19 13:49:41
1841 929 25.78 121.48 1.62 13:49:41
1842 938 24.89 22.59 0.94 13:49:41
1843 930 25.78 121.48 0.94 13:49:41
1844 939 24.89 22.59 1.28 13:49:41
1845 931 25.78 121.48 2.21 13:49:41
1846 940 24.9 22.59 0.77 13:49:41
1847 932 61.88 22.59 1.36 13:49:41
1848 941 24.9 22.59 1.36 13:49:41
1849 933 61.88 121.48 1.53 13:49:41
1850 942 24.9 22.59 0.77 13:49:41
1851 934 61.88 121.48 1.28 13:49:41
1852 943 24.9 22.59 1.02 13:49:41
1853 935 61.88 121.48 1.7 13:49:41
1854 944 24.9 22.59 0.94 13:49:41
1855 936 61.88 121.48 1.53 13:49:41
1856 945 24.9 22.59 0.85 13:49:41
1857 937 61.89 121.48 1.36 13:49:41
1858 946 24.9 22.59 1.19 13:49:41
1859 938 60.75 22.59 0.6 13:49:41
1860 947 24.91 22.59 0.6 13:49:41
1861 939 61.89 121.48 0.6 13:49:41
1862 948 24.91 22.59 1.45 13:49:42
1863 940 61.89 121.48 0.77 13:49:42
1864 949 24.91 22.59 0.77 13:49:42
1865 941 61.89 121.48 1.02 13:49:42
1866 950 24.91 22.59 1.28 13:49:42
1867 942 61.89 121.48 1.79 13:49:42
1868 951 24.91 22.59 0.85 13:49:42
1869 943 61.89 22.59 1.02 13:49:42
1870 952 24.91 22.59 1.02 13:49:42
1871 944 61.89 121.48 1.62 13:49:42
1872 953 24.91 22.59 0.85 13:49:42
1873 945 61.89 121.48 1.7 13:49:42
1874 954 24.91 22.59 0.68 13:49:42
1875 946 61.89 121.48 1.36 13:49:42
1876 955 24.91 22.59 1.28 13:49:42
1877 947 61.89 119.7 0.6 13:49:42
1878 956 24.91 22.59 0.6 13:49:42
1879 948 61.91 121.48 0.77 13:49:42
1880 957 24.91 22.59 1.11 13:49:42
1881 949 61.91 121.48 1.7 13:49:42
1882 958 24.91 22.59 0.77 13:49:42
1883 950 60.75 22.59 1.02 13:49:42
1884 959 24.91 22.59 1.02 13:49:42
1885 951 61.91 121.48 1.79 13:49:42
1886 960 24.91 22.59 0.26 13:49:42
1887 952 61.91 121.48 1.45 13:49:42
1888 961 24.91 22.59 0.85 13:49:42
1889 953 61.91 121.48 1.28 13:49:42
1890 962 24.91 22.59 0.94 13:49:42
1891 954 61.9 121.48 1.7 13:49:42
1892 963 24.91 22.59 1.11 13:49:42
1893 955 61.9 121.48 0.6 13:49:42
1894 964 24.91 22.59 1.19 13:49:42
1895 956 61.9 121.48 2.13 13:49:42
1896 965 24.91 22.59 0.94 13:49:42
1897 957 61.9 22.59 1.19 13:49:42
1898 966 24.91 22.59 1.19 13:49:42
1899 958 61.9 121.48 1.79 13:49:42
1900 967 24.91 22.59 0.77 13:49:42
1901 959 61.93 22.59 0.34 13:49:42
1902 968 24.91 22.59 0.34 13:49:43
1903 960 61.93 121.48 1.7 13:49:43
1904 969 24.91 22.59 1.02 13:49:43
1905 961 61.93 121.48 1.45 13:49:43
1906 970 24.91 22.59 1.02 13:49:43
1907 962 61.93 121.48 1.45 13:49:43
1908 971 24.91 22.59 1.19 13:49:43
1909 963 61.93 121.48 1.79 13:49:43
1910 972 24.92 22.59 0.6 13:49:43
1911 964 61.93 121.48 1.02 13:49:43
1912 973 24.92 22.59 1.36 13:49:43
1913 965 61.93 121.48 2.38 13:49:43
1914 974 24.92 22.59 0.6 13:49:43
1915 966 61.93 121.48 1.11 13:49:43
1916 975 24.92 22.59 1.19 13:49:43
1917 967 61.93 121.48 1.45 13:49:43
1918 976 24.92 22.59 0.94 13:49:43
1919 968 61.93 121.48 1.19 13:49:43
1920 977 24.92 22.59 1.11 13:49:43
1921 969 60.76 22.59 0.94 13:49:43
1922 978 24.92 22.59 0.94 13:49:43
1923 970 61.94 121.48 1.53 13:49:43
1924 979 24.92 22.59 0.77 13:49:43
1925 971 61.94 121.48 1.28 13:49:43
1926 980 24.92 22.59 1.19 13:49:43
1927 972 61.94 22.59 0.51 13:49:43
1928 981 24.92 22.59 0.51 13:49:43
1929 973 61.94 121.48 0.85 13:49:43
1930 982 24.92 22.59 1.36 13:49:43
1931 974 61.94 121.48 1.28 13:49:43
1932 983 24.92 22.59 0.77 13:49:43
1933 975 61.94 121.48 1.11 13:49:43
1934 984 24.92 22.59 0.94 13:49:43
1935 976 60.77 22.59 0.51 13:49:43
1936 985 24.93 22.59 0.51 13:49:43
1937 977 61.94 121.48 1.62 13:49:43
1938 986 24.93 22.59 0.94 13:49:43
1939 978 61.94 121.48 1.53 13:49:43
1940 987 24.93 22.59 1.02 13:49:43
1941 979 61.94 121.48 1.62 13:49:43
1942 988 24.93 22.59 0.85 13:49:44
1943 980 61.94 121.48 0.34 13:49:44
1944 989 24.93 22.59 0.34 13:49:44
1945 981 61.93 121.48 2.21 13:49:44
1946 990 24.93 22.59 0.77 13:49:44
1947 982 61.93 121.48 0.77 13:49:44
1948 991 24.93 22.59 1.28 13:49:44
1949 983 61.93 121.48 1.45 13:49:44
1950 992 24.92 22.59 0.77 13:49:44
1951 984 61.93 121.48 1.45 13:49:44
1952 993 24.92 22.59 1.11 13:49:44
1953 985 61.93 121.48 1.7 13:49:44
1954 994 24.92 22.59 1.02 13:49:44
1955 986 61.93 119.7 1.11 13:49:44
1956 995 24.92 22.59 1.11 13:49:44
1957 987 61.96 121.48 1.53 13:49:44
1958 996 24.92 22.59 1.02 13:49:44
1959 988 61.96 121.48 1.87 13:49:44
1960 997 24.92 22.59 0.85 13:49:44
1961 989 61.96 121.48 0.85 13:49:44
1962 990 61.96 121.48 1.87 13:49:44
1963 998 24.92 22.59 1.28 13:49:44
1964 999 24.92 22.59 0.77 13:49:44
1965 991 61.96 121.48 1.36 13:49:44
1966 1000 24.92 22.59 0.85 13:49:44
1967 992 61.96 121.48 1.36 13:49:44
1968 1001 24.92 22.59 0.94 13:49:44
1969 993 61.96 121.48 1.45 13:49:44
1970 1002 24.92 22.59 0.94 13:49:44
1971 994 61.96 121.48 2.04 13:49:44
1972 1003 24.92 22.59 1.28 13:49:44
1973 995 61.96 121.48 1.53 13:49:44
1974 1004 24.94 22.59 0.77 13:49:44
1975 996 61.96 121.48 0.6 13:49:44
1976 1005 24.94 22.59 0.77 13:49:44
1977 997 61.96 121.48 1.53 13:49:44
1978 1006 24.94 22.59 0.85 13:49:44
1979 998 61.99 121.48 0.94 13:49:44
1980 1007 24.94 22.59 1.62 13:49:44
1981 999 61.99 121.48 1.79 13:49:44
1982 1008 24.94 22.59 0.77 13:49:45
1983 1000 61.99 121.48 1.62 13:49:45
1984 1009 24.94 22.59 1.11 13:49:45
1985 1001 61.99 121.48 1.7 13:49:45
1986 1010 24.94 22.59 0.6 13:49:45
1987 1002 61.99 121.48 1.53 13:49:45
1988 1011 24.95 22.59 0.85 13:49:45
1989 1003 61.97 119.7 1.11 13:49:45
1990 1012 24.95 22.59 1.11 13:49:45
1991 1004 61.97 121.48 1.62 13:49:45
1992 1013 24.95 22.59 0.6 13:49:45
1993 1005 61.97 121.48 1.11 13:49:45
1994 1014 24.95 22.59 1.36 13:49:45
1995 1006 61.97 121.48 2.21 13:49:45
1996 1015 24.95 22.59 0.43 13:49:45
1997 1007 61.97 121.48 0.6 13:49:45
1998 1016 24.95 22.59 0.85 13:49:45
1999 1008 61.97 121.48 1.62 13:49:45
2000 1017 24.95 22.59 0.94 13:49:45
2001 1009 61.99 121.48 1.45 13:49:45
2002 1018 24.95 22.59 1.28 13:49:45
2003 1010 61.99 121.48 1.62 13:49:45
2004 1019 24.95 22.59 1.11 13:49:45
2005 1011 61.99 121.48 1.11 13:49:45
2006 1020 24.95 22.59 0.77 13:49:45
2007 1012 61.99 121.48 1.28 13:49:45
2008 1021 24.95 22.59 1.11 13:49:45
2009 1013 61.99 121.48 2.04 13:49:45
2010 1022 24.95 22.59 0.68 13:49:45
2011 1014 61.99 121.48 0.85 13:49:45
2012 1023 24.95 22.59 1.36 13:49:45
2013 1015 61.99 121.48 1.96 13:49:45
2014 1024 24.95 22.59 0.85 13:49:45
2015 1016 61.99 121.48 1.28 13:49:45
2016 1025 24.95 22.59 1.11 13:49:45
2017 1017 61.99 121.48 1.7 13:49:45
2018 1026 24.95 22.59 0.77 13:49:45
2019 1018 61.99 121.48 0.77 13:49:45
2020 1027 24.95 22.59 1.02 13:49:45
2021 1019 61.99 121.48 1.36 13:49:45
2022 1028 24.95 22.59 1.19 13:49:46
2023 1020 60.79 22.59 0.85 13:49:46
2024 1029 24.95 22.59 0.85 13:49:46
2025 1021 62.0 121.48 1.28 13:49:46
2026 1030 24.94 22.59 1.28 13:49:46
2027 1022 62.0 121.48 2.55 13:49:46
2028 1031 24.94 22.59 0.68 13:49:46
2029 1023 62.0 121.48 0.68 13:49:46
2030 1032 24.94 22.59 1.19 13:49:46
2031 1024 62.0 121.48 2.21 13:49:46
2032 1033 24.94 22.59 0.77 13:49:46
2033 1025 62.0 121.48 1.02 13:49:46
2034 1034 24.94 22.59 1.11 13:49:46
2035 1026 62.01 121.48 1.62 13:49:46
2036 1035 24.94 22.59 0.85 13:49:46
2037 1027 24.94 22.59 0.77 13:49:46
2038 1036 24.94 22.59 0.77 13:49:46
2039 1028 62.01 121.48 1.7 13:49:46
2040 1037 24.95 22.59 0.85 13:49:46
2041 1029 62.01 121.48 1.7 13:49:46
2042 1038 24.95 22.59 0.68 13:49:46
2043 1030 62.01 121.48 1.11 13:49:46
2044 1039 24.95 22.59 1.19 13:49:46
2045 1031 62.01 121.48 2.21 13:49:46
2046 1040 24.95 22.59 0.6 13:49:46
2047 1032 62.01 121.48 0.68 13:49:46
2048 1041 24.95 22.59 1.19 13:49:46
2049 1033 62.01 121.48 1.7 13:49:46
2050 1042 24.95 22.59 0.77 13:49:46
2051 1034 62.01 121.48 1.36 13:49:46
2052 1043 24.94 22.59 1.19 13:49:46
2053 1035 62.01 121.48 1.79 13:49:46
2054 1044 24.94 22.59 1.11 13:49:46
2055 1036 62.01 121.48 1.36 13:49:46
2056 1045 24.94 22.59 1.02 13:49:46
2057 1037 62.03 121.48 1.45 13:49:46
2058 1046 24.94 22.59 0.85 13:49:46
2059 1038 62.03 121.48 2.21 13:49:46
2060 1047 24.94 22.59 0.85 13:49:46
2061 1039 62.03 22.59 1.45 13:49:46
2062 1048 24.94 22.59 1.45 13:49:47
2063 1040 62.03 121.48 2.21 13:49:47
2064 1049 24.96 22.59 0.77 13:49:47
2065 1041 62.03 121.48 1.36 13:49:47
2066 1050 24.96 22.59 1.28 13:49:47
2067 1042 62.01 121.48 1.62 13:49:47
2068 1051 24.96 22.59 0.77 13:49:47
2069 1043 62.01 121.48 1.45 13:49:47
2070 1052 24.96 22.59 1.45 13:49:47
2071 1044 62.01 121.48 1.53 13:49:47
2072 1053 24.96 22.59 1.02 13:49:47
2073 1045 62.01 121.48 1.62 13:49:47
2074 1054 24.96 22.59 0.94 13:49:47
2075 1046 62.01 121.48 1.36 13:49:47
2076 1055 24.96 22.59 0.94 13:49:47
2077 1047 62.01 121.48 2.13 13:49:47
2078 1056 24.95 22.59 0.68 13:49:47
2079 1048 62.03 121.48 0.68 13:49:47
2080 1057 24.95 22.59 1.28 13:49:47
2081 1049 62.03 121.48 2.38 13:49:47
2082 1058 24.95 22.59 0.85 13:49:47
2083 1050 62.03 121.48 1.45 13:49:47
2084 1059 24.95 22.59 1.11 13:49:47
2085 1051 62.03 121.48 1.53 13:49:47
2086 1060 24.95 22.59 1.02 13:49:47
2087 1052 62.03 121.48 1.45 13:49:47
2088 1061 24.95 22.59 0.94 13:49:47
2089 1053 62.04 121.48 1.45 13:49:47
2090 1062 24.96 22.59 1.19 13:49:47
2091 1054 62.04 121.48 1.53 13:49:47
2092 1063 24.96 22.59 0.85 13:49:47
2093 1055 62.04 121.48 1.19 13:49:47
2094 1064 24.96 22.59 1.19 13:49:47
2095 1056 62.04 121.48 2.13 13:49:47
2096 1065 24.96 22.59 0.51 13:49:47
2097 1057 62.04 119.7 1.19 13:49:47
2098 1066 24.96 22.59 1.19 13:49:47
2099 1058 62.04 121.48 1.62 13:49:47
2100 1067 24.96 22.59 0.6 13:49:47
2101 1059 62.05 121.48 1.19 13:49:47
2102 1068 24.96 22.59 1.45 13:49:48
2103 1060 62.05 121.48 1.53 13:49:48
2104 1069 24.96 22.59 0.94 13:49:48
2105 1061 62.05 121.48 1.28 13:49:48
2106 1070 24.96 22.59 1.11 13:49:48
2107 1062 62.05 121.48 1.28 13:49:48
2108 1071 24.96 22.59 1.11 13:49:48
2109 1063 62.05 121.48 1.79 13:49:48
2110 1072 24.96 22.59 0.77 13:49:48
2111 1064 62.03 121.48 0.85 13:49:48
2112 1073 24.96 22.59 1.19 13:49:48
2113 1065 62.03 121.48 2.3 13:49:48
2114 1074 24.96 22.59 0.77 13:49:48
2115 1066 62.03 121.48 0.68 13:49:48
2116 1075 24.97 22.59 1.11 13:49:48
2117 1067 62.03 121.48 1.62 13:49:48
2118 1076 24.97 22.59 0.77 13:49:48
2119 1068 62.03 121.48 1.7 13:49:48
2120 1077 24.97 22.59 1.28 13:49:48
2121 1069 62.03 121.48 1.53 13:49:48
2122 1078 24.97 22.59 1.02 13:49:48
2123 1070 62.05 121.48 1.62 13:49:48
2124 1079 24.97 22.59 0.85 13:49:48
2125 1071 62.05 121.48 1.28 13:49:48
2126 1080 24.97 22.59 1.36 13:49:48
2127 1072 62.05 121.48 1.7 13:49:48
2128 1081 24.98 22.59 0.85 13:49:48
2129 1073 62.05 121.48 0.77 13:49:48
2130 1082 24.98 22.59 1.28 13:49:48
2131 1074 62.05 121.48 2.38 13:49:48
2132 1083 24.98 22.59 0.68 13:49:48
2133 1075 62.06 121.48 1.45 13:49:48
2134 1084 24.98 22.59 1.19 13:49:48
2135 1076 62.06 121.48 1.7 13:49:48
2136 1085 24.98 22.59 0.77 13:49:48
2137 1077 62.06 121.48 1.53 13:49:48
2138 1086 24.98 22.59 1.36 13:49:48
2139 1078 62.06 121.48 1.53 13:49:48
2140 1087 24.98 22.59 0.94 13:49:48
2141 1079 62.06 121.48 1.7 13:49:48
2142 1088 24.97 22.59 0.94 13:49:49
2143 1080 62.06 121.48 0.51 13:49:49
2144 1089 24.97 22.59 0.51 13:49:49
2145 1081 62.08 121.48 1.96 13:49:49
2146 1090 24.97 22.59 0.34 13:49:49
2147 1082 62.08 121.48 0.85 13:49:49
2148 1091 24.97 22.59 1.11 13:49:49
2149 1083 62.08 121.48 1.36 13:49:49
2150 1092 24.97 22.59 0.77 13:49:49
2151 1084 62.08 121.48 1.53 13:49:49
2152 1093 24.97 22.59 1.19 13:49:49
2153 1085 62.08 121.48 1.53 13:49:49
2154 1094 24.97 22.59 1.02 13:49:49
2155 1086 62.08 121.48 1.87 13:49:49
2156 1095 24.97 22.59 0.94 13:49:49
2157 1087 62.07 121.48 1.62 13:49:49
2158 1096 24.97 22.59 1.02 13:49:49
2159 1088 62.07 121.48 1.96 13:49:49
2160 1097 24.97 22.59 0.85 13:49:49
2161 1089 62.07 121.48 1.02 13:49:49
2162 1098 24.97 22.59 1.36 13:49:49
2163 1090 62.07 121.48 2.47 13:49:49
2164 1099 24.97 22.59 0.77 13:49:49
2165 1091 60.81 22.59 1.19 13:49:49
2166 1100 24.97 22.59 1.19 13:49:49
2167 1092 62.09 121.48 1.87 13:49:49
2168 1101 24.98 22.59 0.94 13:49:49
2169 1093 60.82 22.55 0.85 13:49:49
2170 1102 24.98 22.55 0.85 13:49:49
2171 1094 62.09 121.48 1.87 13:49:49
2172 1103 24.98 22.55 0.68 13:49:49
2173 1095 62.09 121.48 1.87 13:49:49
2174 1104 24.98 22.55 1.11 13:49:49
2175 1096 62.09 119.68 1.45 13:49:49
2176 1105 24.98 22.55 1.45 13:49:49
2177 1106 24.98 22.55 0.85 13:49:49
2178 1106 24.98 22.55 0.85 13:49:49
2179 1098 60.82 22.55 1.53 13:49:49
2180 1107 24.98 22.55 1.53 13:49:49
2181 1099 62.09 121.48 2.72 13:49:49
2182 1108 24.98 22.59 0.77 13:49:50
2183 1100 62.09 121.48 1.79 13:49:50
2184 1109 24.98 22.59 0.94 13:49:50
2185 1101 62.09 121.48 1.96 13:49:50
